species,pu,amount
1,1,2700
1,2,126000
1,3,390600
1,4,68400
1,5,19800
1,6,20700
1,7,6300
1,8,8100
1,9,2700
1,10,900
1,11,3600
1,12,900
1,13,2700
1,14,1800
1,15,900
1,16,4500
1,17,900
1,18,1449000
1,19,1457100
1,20,1506600
1,21,1025100
1,22,1530900
1,23,1031400
1,24,352800
1,25,219600
1,26,9000
1,27,110700
1,28,122400
1,29,407700
1,30,303300
1,31,107100
1,32,26100
1,34,72900
1,35,237600
1,36,39600
1,37,260100
1,38,900
1,39,3600
1,40,2700
1,41,4500
1,42,1800
1,43,2700
1,44,73800
1,45,3600
1,46,9000
1,47,72900
1,48,2728800
1,49,1394100
1,50,2273400
1,51,2983500
1,52,4725000
1,53,6917400
1,54,2534400
1,55,1735200
1,56,4257000
1,57,5125500
1,58,7750800
1,59,10036800
1,60,8856000
1,61,9135000
1,62,7660800
1,63,9073800
1,64,10987200
1,65,8668800
1,66,10548900
1,67,5964300
1,68,4372200
1,69,8807400
1,70,12150900
1,71,13268700
1,72,1704600
1,73,1047600
1,74,819900
1,75,1032300
1,76,1143900
1,77,5549400
1,78,3903300
1,79,1161900
1,80,897300
1,81,621000
1,82,806400
1,83,542700
1,84,1294200
1,85,995400
1,86,193500
1,87,165600
1,88,149400
1,89,273600
1,90,284400
1,91,433800
1,92,632700
1,93,149400
1,94,100800
1,95,84600
1,96,85500
1,97,188100
1,98,271800
1,99,73800
1,100,10800
1,101,5400
1,102,9900
1,103,95400
1,104,6300
1,105,900
1,106,6300
1,107,900
1,108,7200
1,109,224100
1,110,2921400
1,111,1028700
1,112,14400
1,113,271800
1,114,2005200
1,115,649800
1,116,1150200
1,117,3078900
1,118,1863900
1,119,703800
1,120,1029600
1,121,2065500
1,122,3417300
1,123,8064900
1,124,5454000
1,125,5530500
1,126,3055500
1,127,2153700
1,128,5317200
1,129,6617700
1,130,3773700
1,131,1299600
1,132,1600200
1,133,3580200
1,134,7540200
1,135,7342200
1,136,1180800
1,137,1489500
1,138,802800
1,139,400500
1,140,610200
1,141,1196100
1,142,1318500
1,143,1162800
1,144,410400
1,145,128700
1,146,391500
1,147,328500
1,148,938700
1,149,592200
1,150,192600
1,151,230400
1,152,198900
1,153,116100
1,154,258300
1,155,199800
1,156,481500
1,157,135900
1,158,240300
1,159,39600
1,160,27900
1,161,158400
1,162,174600
1,163,128700
1,164,29700
1,166,900
1,167,6300
1,168,21600
1,169,25200
1,170,2700
1,171,900
1,172,900
1,173,10800
1,174,967500
1,175,1236600
1,176,688500
1,177,636300
1,178,711900
1,179,268200
1,180,842400
1,181,2032200
1,182,4353300
1,183,2682000
1,184,2016000
1,185,1262700
1,186,1860300
1,187,2338200
1,188,1386000
1,189,2080800
1,190,518400
1,191,285300
1,192,2121300
1,193,2205000
1,194,2781000
1,195,529200
1,196,342000
1,197,202500
1,198,281700
1,199,288900
1,200,606600
1,201,601200
1,202,216000
1,203,297900
1,204,97200
1,205,117000
1,206,149400
1,207,226800
1,208,648900
1,209,63900
1,210,63900
1,211,80100
1,212,45000
1,213,221400
1,214,205200
1,215,43200
1,216,13500
1,217,15300
1,218,9000
1,219,18900
1,220,27900
1,221,115200
1,222,111600
1,223,900
1,224,17100
1,225,1800
1,226,2700
1,227,5400
1,228,9000
1,229,5400
1,230,1800
1,231,1800
1,232,7200
1,233,4500
1,234,900
1,235,4500
1,236,5400
1,237,1556100
1,238,742500
1,239,417600
1,240,103500
1,241,376200
1,242,1355400
1,243,1749600
1,244,15300
1,245,589500
1,246,900
1,247,2700
1,248,21600
1,249,46800
1,250,339300
1,251,196200
1,252,585900
1,253,169200
1,254,64800
1,255,76500
1,256,907200
1,257,2111400
1,258,90000
1,259,335700
1,260,139500
1,261,69300
1,262,89100
1,263,202500
1,264,276300
1,265,156600
1,266,87300
1,267,53100
1,268,25200
1,269,222300
1,270,148500
1,271,157500
1,272,56700
1,273,38700
1,274,23400
1,275,1800
1,276,24300
1,277,47700
1,278,72000
1,279,12600
1,280,18900
1,281,5400
1,282,1800
1,283,10800
1,284,20700
1,285,27000
1,286,900
1,287,1800
1,288,2700
1,289,5400
1,290,900
1,292,900
1,293,4207500
1,294,2456100
1,295,3648600
1,296,4021200
1,297,2177100
1,298,886500
1,299,602100
1,300,4500
1,301,2700
1,302,2700
1,303,2700
1,304,253800
1,305,79200
1,306,2700
1,307,24300
1,308,3600
1,310,28800
1,311,900
1,312,83700
1,313,52200
1,314,58500
1,315,23400
1,316,1800
1,317,7200
1,318,36000
1,319,37800
1,320,5400
1,321,7200
1,322,9900
1,323,2700
1,324,51300
1,325,2700
1,326,900
1,327,1800
1,328,2700
1,329,900
1,330,900
1,331,7200
1,332,7200
1,333,1331100
1,334,60300
1,335,127800
1,336,216000
1,337,2454300
1,338,4847400
1,339,2231100
1,340,2700
1,341,3600
1,342,2700
1,343,900
1,344,1800
1,345,9000
1,346,4500
1,347,5400
1,348,2700
1,349,3600
1,350,900
1,352,292500
1,353,217800
1,354,95400
1,355,114300
1,356,527400
1,357,4350600
1,358,840600
1,359,160200
1,360,5400
1,361,170100
1,362,191700
1,363,74700
1,364,197100
1,365,250200
1,366,1800
1,367,41400
1,368,900
1,369,2700
1,370,1800
1,371,900
1,372,49500
1,373,137700
1,374,56700
1,375,81900
1,376,109800
1,377,86400
1,378,95400
1,379,90900
1,380,6300
1,381,6300
1,382,144000
1,383,148500
1,384,900
1,385,1800
1,387,900
1,388,33300
1,389,49500
1,390,39600
1,391,38700
1,392,3600
1,393,20700
1,394,3600
1,395,1800
1,396,16200
1,397,25200
1,398,126000
1,399,1800
1,400,900
1,401,1800
1,402,900
1,403,900
1,404,900
1,405,900
1,406,5400
1,407,23400
1,408,900
1,409,3600
1,410,2700
1,411,6300
1,412,900
1,413,5400
1,414,12600
1,415,68400
1,416,123300
1,417,900
1,418,900
1,419,10800
1,420,8100
1,421,900
1,422,71100
1,423,16200
1,424,4500
1,425,900
1,426,72000
1,427,64800
1,428,30600
1,429,900
1,430,3600
1,431,5400
1,432,900
1,433,900
1,434,1800
1,435,8100
1,436,29700
1,437,2700
1,438,2700
1,439,1800
1,440,10800
1,441,1800
1,442,1800
1,443,2700
1,444,2700
1,445,39600
1,446,169200
1,447,106200
1,448,111600
1,449,60300
1,450,72000
1,451,384300
1,452,195300
1,453,154800
1,454,9900
1,455,5400
1,456,2700
1,457,42300
1,458,100800
1,459,65700
1,460,900
1,461,1800
1,462,900
1,463,359100
1,464,396000
1,465,1118700
1,466,270900
1,467,365400
1,468,100800
1,469,16200
1,470,900
1,471,4500
1,472,271800
1,473,121500
1,474,72900
1,475,1800
1,476,2700
1,477,7200
1,478,1800
1,479,2700
1,480,4500
1,481,1800
1,482,414900
1,483,47700
1,484,837900
1,485,36900
1,486,325800
1,487,738000
1,488,405000
1,489,1800
1,490,141300
1,491,25200
1,492,6300
1,493,207900
1,494,171000
1,495,16200
1,496,179100
1,497,900
1,498,1800
1,499,900
1,500,1800
1,501,1800
1,502,1800
1,503,200700
1,504,113400
1,505,137700
1,506,18900
1,507,631800
1,508,787500
1,509,352800
1,510,1365300
1,511,867600
1,512,344700
1,513,671400
1,514,1161900
1,515,223200
1,516,1495800
1,517,235800
1,518,324900
1,519,339300
1,520,246600
1,521,115200
1,522,171900
1,523,385200
1,524,3600
1,525,900
1,526,196200
1,527,272700
1,528,3600
1,529,1800
1,531,900
1,532,900
1,533,302400
1,534,575100
1,535,333900
1,536,918000
1,537,184500
1,538,1209600
1,539,1730700
1,540,963000
1,541,880200
1,542,28800
1,543,767700
1,544,654300
1,545,454500
1,546,1057500
1,547,1358100
1,548,311400
1,549,297900
1,550,389700
1,551,10800
1,552,438300
1,553,860400
1,554,617400
1,555,530100
1,556,157500
1,557,396900
1,558,4500
1,559,208800
1,560,676800
1,561,327600
1,562,1517400
1,563,183600
1,564,154800
1,565,45000
1,566,57600
1,567,197100
1,568,323100
1,569,189000
1,570,180900
1,571,16200
1,572,3600
1,573,1800
1,574,63900
1,575,28800
1,576,420300
1,577,900
1,578,900
1,579,70200
1,580,124200
1,581,26100
1,582,1619100
1,583,1531800
1,584,1343700
1,585,710100
1,586,251100
1,587,1247400
1,588,1740600
1,589,759600
1,590,1861200
1,591,1909800
1,592,1341000
1,593,747900
1,594,1804500
1,595,1239300
1,596,946800
1,597,1437300
1,598,1179000
1,599,1686600
1,600,1638900
1,601,2309400
1,602,1685700
1,603,851400
1,604,588600
1,605,421200
1,606,426600
1,607,1045800
1,608,1190700
1,609,944100
1,610,26100
1,611,28800
1,612,104400
1,613,134100
1,614,900
1,615,1800
1,616,900
1,617,44100
1,618,34200
1,619,900
1,620,900
1,621,67500
1,622,900
1,623,453600
1,624,1051200
1,625,1551600
1,626,2455200
1,627,1715400
1,628,203400
1,629,1085400
1,630,339300
1,631,621000
1,632,2099700
1,633,407700
1,634,2674800
1,635,2307600
1,636,3461400
1,637,1635300
1,638,1091700
1,639,1075500
1,640,546300
1,641,1590300
1,642,3563100
1,643,1858500
1,644,1206000
1,645,1061100
1,646,1372500
1,647,1453500
1,648,399600
1,649,167400
1,650,693900
1,651,2658600
1,652,551700
1,653,1232100
1,654,594000
1,655,585000
1,656,531900
1,657,1112400
1,658,1320300
1,659,290700
1,660,135900
1,661,157500
1,662,406800
1,663,307800
1,664,374400
1,665,149400
1,666,90000
1,667,5400
1,668,172800
1,669,126900
1,670,149400
1,671,97200
1,672,900
1,673,55800
1,674,900
1,675,33300
1,676,18000
1,677,131400
1,678,26100
1,679,474300
1,680,91800
1,681,26100
1,682,87300
1,683,91800
1,684,54900
1,685,5400
1,686,900
1,687,509400
1,688,1611000
1,689,347400
1,690,3925800
1,691,3668400
1,692,975600
1,693,3917700
1,694,1139400
1,695,5427900
1,696,6393600
1,697,5536800
1,698,3672000
1,699,1167300
1,700,2118600
1,701,752400
1,702,5667300
1,703,4605300
1,704,4357800
1,705,3803400
1,706,1555200
1,707,1281600
1,708,914400
1,709,3378600
1,710,3297600
1,711,5560200
1,712,1743300
1,713,2165400
1,714,136800
1,715,15300
1,716,900
1,717,101700
1,718,2913300
1,719,1253700
1,720,631800
1,721,135900
1,722,71100
1,723,59400
1,724,16200
1,725,3600
1,726,90900
1,727,342000
1,728,337500
1,729,204300
1,730,148500
1,731,504900
1,732,121500
1,733,121500
1,734,214200
1,735,157500
1,736,60300
1,737,64800
1,738,123300
1,739,103500
1,740,239400
1,741,216000
1,742,61200
1,743,122400
1,744,59400
1,745,85500
1,746,76500
1,747,106200
1,748,57600
1,749,8100
1,750,8100
1,751,2700
1,752,8100
1,753,2700
1,754,17100
1,755,900
1,756,6300
1,757,54900
1,758,41400
1,759,9900
1,760,36900
1,761,247500
1,762,900
1,763,1800
1,764,900
1,765,3600
1,766,2700
1,767,42300
1,768,242100
1,769,1367100
1,770,975600
1,771,5481000
1,772,7839900
1,773,2603700
1,774,270000
1,775,9900
1,776,4023900
1,777,4898700
1,778,2664000
1,779,3957300
1,780,6023700
1,781,3455100
1,782,7146900
1,783,3825000
1,784,5492700
1,785,3254400
1,786,3705300
1,787,3843900
1,788,6270300
1,789,4741200
1,790,3573900
1,791,5895000
1,792,4149900
1,793,3789900
1,794,8118900
1,795,3540600
1,796,8079300
1,797,5897700
1,798,5229000
1,799,8033400
1,800,6734700
1,801,7335000
1,802,5767200
1,803,2631600
1,804,9203400
1,805,11541600
1,806,2413800
1,807,5888700
1,808,3705300
1,809,429300
1,810,3023100
1,811,6239700
1,812,6972300
1,813,1122300
1,814,1759500
1,815,1800
1,816,55800
1,817,8100
1,818,900
1,819,8100
1,820,1800
1,821,18900
1,822,86400
1,823,63900
1,824,20700
1,825,16200
1,826,10800
1,827,18900
1,828,73800
1,829,120600
1,830,58500
1,831,130500
1,832,119700
1,833,188100
1,834,64800
1,835,175500
1,836,189000
1,837,134100
1,838,43200
1,839,75600
1,840,69300
1,841,108900
1,842,108900
1,843,9000
1,844,54000
1,845,24300
1,846,49500
1,847,177300
1,848,42300
1,849,8100
1,850,900
1,851,2700
1,852,3600
1,853,2700
1,854,1800
1,855,900
1,856,6300
1,857,900
1,858,900
1,859,4114800
1,860,5509800
1,861,6689700
1,862,4227300
1,863,958500
1,864,1529100
1,865,2264400
1,866,6081300
1,867,4640400
1,868,10233900
1,869,8440200
1,870,7893900
1,871,8957700
1,872,6571800
1,873,6851700
1,874,7239600
1,875,1422000
1,876,1213200
1,877,5847300
1,878,12686400
1,879,8825400
1,880,8559900
1,881,7222500
1,882,10601100
1,883,10424700
1,884,2019600
1,885,5924700
1,886,5508000
1,887,12948300
1,888,4584600
1,889,12745800
1,890,11438100
1,891,13361400
1,892,9050400
1,893,3473100
1,894,10722600
1,895,10113300
1,896,8568900
1,897,12782700
1,898,10376100
1,899,6407100
1,900,11917800
1,901,6921900
1,902,10862100
1,903,2304000
1,904,3285000
1,905,3626100
1,906,602100
1,907,7290900
1,908,182700
1,909,234900
1,910,8100
1,911,14400
1,912,5400
1,913,8100
1,914,1800
1,915,900
1,916,117000
1,917,127800
1,918,59400
1,919,61200
1,920,9000
1,921,19800
1,922,153900
1,923,27000
1,924,24300
1,925,2700
1,926,54900
1,927,45000
1,928,59400
1,929,114300
1,930,18900
1,931,5400
1,932,4500
1,933,22500
1,934,56700
1,935,94500
1,936,4500
1,937,2700
1,938,17100
1,939,35100
1,940,1800
1,941,1800
1,942,247500
1,943,257400
1,944,3634200
1,945,5693400
1,946,5775300
1,947,8382600
1,948,4406400
1,949,3362400
1,950,8139600
1,951,9495000
1,952,10843200
1,953,11633400
1,954,8246700
1,955,8594100
1,956,6336900
1,957,9390600
1,958,5894100
1,959,5074200
1,960,7887600
1,961,9541800
1,962,8773200
1,963,8384400
1,964,1500300
1,965,13121100
1,966,7660800
1,967,14410800
1,968,12897900
1,969,11025900
1,970,11824200
1,971,11342700
1,972,8541900
1,973,8041500
1,974,8542800
1,975,10954800
1,976,12319200
1,977,8309700
1,978,8158500
1,979,2541600
1,980,281700
1,981,31500
1,982,836100
1,983,1933200
1,984,9560700
1,985,11624400
1,986,3600
1,987,2700
1,988,37800
1,989,173700
1,990,47700
1,991,94500
1,992,156600
1,993,5400
1,994,6300
1,995,900
1,996,10800
1,997,16200
1,998,2700
1,999,900
1,1000,30600
1,1001,3856500
1,1002,4777200
1,1003,3635100
1,1004,2199600
1,1005,783000
1,1006,739800
1,1007,12395700
1,1008,11011500
1,1009,11641500
1,1010,9769500
1,1011,6569100
1,1012,8187300
1,1013,11623500
1,1014,6787800
1,1015,6388200
1,1016,7727400
1,1017,9693000
1,1018,9866700
1,1019,8066700
1,1020,8319600
1,1021,8549100
1,1022,8811900
1,1023,6177600
1,1024,4318200
1,1025,8014500
1,1026,7397100
1,1027,7359300
1,1028,5410800
1,1029,6236100
1,1030,1234800
1,1031,928800
1,1032,4251600
1,1033,8102700
1,1034,10766700
1,1035,213300
1,1036,1683000
1,1037,1193400
1,1038,1355400
1,1039,2063700
1,1040,1679400
1,1041,1188900
1,1042,710100
1,1043,463500
1,1044,2097900
1,1045,3529800
1,1046,1197000
1,1047,1047600
1,1048,1192500
1,1049,2843100
1,1050,3671100
1,1051,252000
1,1052,407700
1,1053,376200
1,1054,1067400
1,1055,1829700
1,1056,1825200
1,1057,19800
1,1058,2758500
1,1059,381600
1,1060,6300
1,1061,549000
1,1062,2327400
1,1063,2217600
1,1064,3220200
1,1065,2401200
1,1066,1408500
1,1067,1972800
1,1068,2711700
1,1069,7127100
1,1070,2488500
1,1071,3076200
1,1072,11090700
1,1073,9801000
1,1074,3139200
1,1075,2652300
1,1076,879300
1,1077,430200
1,1078,2460600
1,1079,3262500
1,1080,2479500
1,1081,2234700
1,1082,1072800
1,1083,2718000
1,1084,5141700
1,1085,6340500
1,1086,837900
1,1087,163800
1,1088,2349900
1,1089,1287000
1,1090,1766700
1,1091,2589300
1,1092,3310200
1,1093,2429100
1,1094,987300
1,1095,4831200
1,1096,10713600
1,1097,13729500
1,1098,10732500
1,1099,2170800
1,1100,1673100
1,1101,2991600
1,1102,8681400
1,1103,8434800
1,1104,6990300
1,1105,3813300
1,1106,9735300
1,1107,14275800
1,1108,7217100
1,1109,4590900
1,1110,4575600
1,1111,1996200
1,1112,2508300
1,1113,4839300
1,1114,5081400
1,1115,2068200
1,1116,95400
1,1117,973800
1,1118,1969200
1,1119,3123000
1,1120,1448100
1,1121,2729700
1,1122,3323700
1,1123,1512900
1,1124,2799900
1,1125,2790900
1,1126,1932300
1,1127,1182600
1,1128,3075300
1,1129,1936800
1,1130,2088000
1,1131,2482200
1,1132,3934800
1,1133,9567000
1,1134,3384000
1,1135,2121300
1,1136,5115600
1,1137,7392600
1,1138,7230600
1,1139,6124500
1,1140,8037900
1,1141,5648400
1,1142,5259600
1,1143,1809000
1,1144,2689200
1,1145,5319000
1,1146,950400
1,1147,4140900
1,1148,3359700
1,1149,2283300
1,1150,4500
1,1151,2115900
1,1152,3044700
1,1153,2478600
1,1154,2979900
1,1155,3720600
1,1156,3662100
1,1157,3289500
1,1158,1567800
1,1159,1573200
1,1160,2004300
1,1161,472500
1,1162,1981800
1,1163,3675600
1,1164,1541700
1,1165,1867500
1,1166,4040100
1,1167,1609200
1,1168,1807200
1,1169,2094300
1,1170,801000
1,1171,2075400
1,1172,3423600
1,1173,128700
1,1174,164700
1,1175,110700
1,1176,110700
1,1177,373500
1,1178,1442700
1,1179,1359000
1,1180,310500
1,1181,1818000
1,1182,900000
1,1183,614700
1,1184,3738600
1,1185,2994300
1,1186,3020400
1,1187,2793600
1,1188,4711500
1,1189,3659400
1,1190,3870900
1,1191,2457900
1,1192,3425400
1,1193,1722600
1,1194,1025100
1,1195,1894500
1,1196,2877300
1,1197,3127500
1,1198,2421900
1,1199,361800
1,1200,838800
1,1201,954900
1,1202,2667600
1,1203,2277900
1,1204,1029600
1,1205,75600
1,1206,48600
1,1207,107100
1,1208,134100
1,1209,287100
1,1210,611100
1,1211,195300
1,1212,198900
1,1213,91800
1,1214,67500
1,1215,80100
1,1216,84600
1,1217,52200
1,1218,72000
1,1219,97200
1,1220,495900
1,1221,460800
1,1222,1439100
1,1223,2181600
1,1224,1178100
1,1225,443700
1,1226,1513800
1,1227,1547100
1,1228,1094400
1,1229,345600
1,1230,1381500
1,1231,258300
1,1232,63900
1,1233,492300
1,1234,992700
1,1235,1913400
1,1236,3620700
1,1237,2975400
1,1238,3966300
1,1239,1614600
1,1240,1410300
1,1241,1577700
1,1242,2245500
1,1243,2070900
1,1244,2411100
1,1245,675000
1,1246,2375100
1,1247,3864600
1,1248,2920500
1,1249,788400
1,1250,37800
1,1251,322200
1,1252,28800
1,1253,55800
1,1254,445500
1,1255,387000
1,1256,90900
1,1257,36000
1,1258,36000
1,1259,44100
1,1260,27000
1,1261,140400
1,1262,168300
1,1263,46800
1,1264,3575700
1,1265,1638000
1,1266,676800
1,1267,2091600
1,1268,1800
1,1269,693000
1,1270,292500
1,1271,1601100
1,1272,828900
1,1273,2241000
1,1274,2263500
1,1275,439200
1,1276,588600
1,1277,162900
1,1278,1811700
1,1279,553500
1,1280,330300
1,1281,1828800
1,1282,2022300
1,1283,1701000
1,1284,3161700
1,1285,50400
1,1286,1146600
1,1287,1449900
1,1288,61200
1,1289,79200
1,1290,2341800
1,1291,2674800
1,1292,3131100
1,1293,3798900
1,1294,2304900
1,1295,4513500
1,1296,3215700
1,1297,48600
1,1298,459900
1,1299,203400
1,1300,59400
1,1301,266400
1,1302,1375200
1,1303,288900
1,1304,27900
1,1305,99000
1,1306,9900
1,1307,8100
1,1308,65700
1,1309,84600
1,1310,88200
1,1311,7200
1,1312,26100
1,1313,37800
1,1314,2700
1,1315,397800
1,1316,1928700
1,1317,493200
1,1318,6422400
1,1319,2187000
1,1320,816300
1,1321,1237500
1,1322,267300
1,1323,11300400
1,1324,7902900
1,1325,11428200
1,1326,13342500
1,1327,10749600
1,1328,7119900
1,1329,4426200
1,1330,4005900
1,1331,2656800
1,1332,10667700
1,1333,8501400
1,1334,2748600
1,1335,431100
1,1336,1769400
1,1337,2670300
1,1338,959400
1,1339,900
1,1340,31500
1,1341,621000
1,1342,236700
1,1343,117900
1,1344,158400
1,1345,242100
1,1346,604800
1,1347,1825200
1,1348,1861200
1,1349,900
1,1350,61200
1,1351,23400
1,1352,117000
1,1353,162900
1,1354,35100
1,1355,59400
1,1356,870300
1,1357,13500
1,1358,109800
1,1359,396900
1,1360,101700
1,1361,40500
1,1362,72900
1,1363,85500
1,1364,16200
1,1365,54900
1,1366,155700
1,1367,124200
1,1368,7371000
1,1369,10368000
1,1370,6565500
1,1371,1593900
1,1372,597600
1,1373,3138300
1,1374,11980800
1,1375,6383700
1,1376,3366000
1,1377,5254200
1,1378,3544200
1,1379,5213700
1,1380,7814700
1,1381,8795700
1,1382,5400
1,1383,161100
1,1384,3942900
1,1385,2813400
1,1386,37800
1,1387,1321200
1,1388,551700
1,1389,473400
1,1390,1908900
1,1391,1232100
1,1392,1302300
1,1393,1257300
1,1394,13500
1,1395,10800
1,1396,900
1,1397,12600
1,1398,71100
1,1399,103500
1,1400,135900
1,1401,900
1,1402,2860200
1,1403,1776600
1,1404,405900
1,1405,5039100
1,1406,784800
1,1407,4443300
1,1408,5842800
1,1409,5233500
1,1410,2007000
1,1411,916200
1,1412,412200
1,1413,535500
1,1414,801000
1,1415,424800
1,1416,2642400
1,1417,1664100
1,1418,440100
1,1419,1262700
1,1420,187200
1,1421,353700
1,1422,1523700
1,1423,669600
1,1424,731700
1,1425,336600
1,1426,293400
1,1427,85500
1,1428,25200
1,1429,124200
1,1430,959400
1,1431,93600
1,1432,14400
1,1433,2700
1,1434,162000
1,1435,1463400
1,1436,140400
1,1437,2461500
1,1438,215100
1,1439,1800
1,1440,30600
1,1441,216000
1,1442,3456900
1,1443,1800
1,1444,1028700
1,1445,1708200
1,1446,3600
1,1447,18000
1,1448,228600
1,1449,7200
1,1450,443700
1,1451,422100
1,1452,160200
1,1453,605700
1,1454,5980500
1,1455,2400300
1,1456,501300
1,1457,4500
1,1458,181800
1,1459,144900
1,1460,24300
1,1461,424800
1,1462,75600
1,1463,2030400
1,1464,852300
1,1465,3195000
1,1466,2482200
1,1467,1458900
1,1468,54000
1,1469,175500
1,1470,5821200
1,1471,4824000
1,1472,6843600
1,1473,5846400
1,1474,5117400
1,1475,4156200
1,1476,4955400
1,1477,6174000
1,1478,3777300
1,1479,7036200
1,1480,5668200
1,1481,6333300
1,1482,5148900
1,1483,5176800
1,1484,6848100
1,1485,4034700
1,1486,2800800
1,1487,4106700
1,1488,4626000
1,1489,4496400
1,1490,4658400
1,1491,5747400
1,1492,723600
1,1493,1773900
1,1494,3249900
1,1495,1816200
1,1496,1972800
1,1497,4118400
1,1498,1386000
1,1499,60300
1,1500,1192500
1,1501,2616300
1,1502,48600
1,1503,61200
1,1504,38700
1,1505,1384200
1,1506,770400
1,1507,70200
1,1508,5400
1,1509,422100
1,1510,671400
1,1511,1206900
1,1512,2736900
1,1513,1728900
1,1514,122400
1,1515,69300
1,1516,1640700
1,1517,128700
1,1518,87300
1,1519,208800
1,1520,90900
1,1521,120600
1,1522,152100
1,1523,48600
1,1524,7200
1,1525,2700
1,1526,21600
1,1527,1638900
1,1528,221400
1,1529,1521900
1,1530,1199700
1,1531,2454300
1,1532,1219500
1,1533,1089900
1,1534,623700
1,1535,504900
1,1536,2522700
1,1537,1824300
1,1538,5741100
1,1539,5442300
1,1540,3710700
1,1541,1548900
1,1542,1026900
1,1543,6858900
1,1544,2981700
1,1545,7587000
1,1546,6130800
1,1547,7245900
1,1548,4181400
1,1549,3105000
1,1550,4929300
1,1551,5903100
1,1552,7143300
1,1553,3759300
1,1554,4869900
1,1555,4528800
1,1556,4294800
1,1557,5731200
1,1558,5460300
1,1559,4768200
1,1560,4410000
1,1561,4622400
1,1562,5013000
1,1563,2250000
1,1564,3257100
1,1565,2667600
1,1566,2402100
1,1567,2692800
1,1568,3528900
1,1569,4091400
1,1570,4374900
1,1571,1937700
1,1572,3256200
1,1573,1781100
1,1574,1877400
1,1575,2026800
1,1576,3577500
1,1577,3366000
1,1578,1829700
1,1579,1950300
1,1580,1705500
1,1581,1508400
1,1582,955800
1,1583,1807200
1,1584,2318400
1,1585,472500
1,1586,528300
1,1587,451800
1,1588,524700
1,1589,853200
1,1590,1122300
1,1591,901800
1,1592,328500
1,1593,5400
1,1594,47700
1,1595,146700
1,1596,137700
1,1597,419400
1,1598,180000
1,1599,3600
1,1600,68400
1,1601,2700
1,1602,17100
1,1603,84600
1,1604,900
1,1605,12600
1,1606,900
1,1607,1800
1,1608,94500
1,1609,900
1,1610,1731600
1,1611,2755800
1,1612,4485600
1,1613,5265000
1,1614,1638000
1,1615,445500
1,1616,2052000
1,1617,4826700
1,1618,6690600
1,1619,6879600
1,1620,6907500
1,1621,8363700
1,1622,4029300
1,1623,2602800
1,1624,4816800
1,1625,7321500
1,1626,4617900
1,1627,5819400
1,1628,8058600
1,1629,6080400
1,1630,5334300
1,1631,3583800
1,1632,6302700
1,1633,6541200
1,1634,5132700
1,1635,5382900
1,1636,5649300
1,1637,6190200
1,1638,4986000
1,1639,3933000
1,1640,4712400
1,1641,4297500
1,1642,4841100
1,1643,7702200
1,1644,6405300
1,1645,1729800
1,1646,2157300
1,1647,2056500
1,1648,2191500
1,1649,2762100
1,1650,2796300
1,1651,2880900
1,1652,1108800
1,1653,1508400
1,1654,1199700
1,1655,444600
1,1656,482400
1,1657,1021500
1,1658,1656000
1,1659,1260000
1,1660,1797300
1,1661,1682100
1,1662,937800
1,1663,1218600
1,1664,1418400
1,1665,1295100
1,1666,1205100
1,1667,1383300
1,1668,577800
1,1669,972900
1,1670,998100
1,1671,1050300
1,1672,772200
1,1673,61200
1,1674,103500
1,1675,33300
1,1676,36000
1,1677,244800
1,1678,290700
1,1679,180000
1,1680,157500
1,1681,27000
1,1682,32400
1,1683,73800
1,1684,18000
1,1685,58500
1,1686,27900
1,1687,900
1,1688,900
1,1689,900
1,1690,5400
1,1691,900
1,1692,1183500
1,1693,2578500
1,1694,5502600
1,1695,3679200
1,1696,785700
1,1697,8235900
1,1698,6109200
1,1699,9094500
1,1700,6894900
1,1701,9135900
1,1702,8440200
1,1703,9890100
1,1704,6727500
1,1705,7225200
1,1706,5705100
1,1707,3526200
1,1708,5140800
1,1709,7240500
1,1710,5133600
1,1711,5016600
1,1712,5790600
1,1713,2277900
1,1714,3002400
1,1715,3687300
1,1716,6100200
1,1717,4788000
1,1718,3376800
1,1719,4254300
1,1720,2731500
1,1721,873900
1,1722,1366200
1,1723,3945600
1,1724,4643100
1,1725,1553400
1,1726,1496700
1,1727,1506600
1,1728,1202400
1,1729,1393200
1,1730,2153700
1,1731,1969200
1,1732,1252800
1,1733,1337400
1,1734,1099800
1,1735,1422000
1,1736,930600
1,1737,1321200
1,1738,1270800
1,1739,881100
1,1740,654300
1,1741,1142100
1,1742,1088100
1,1743,889200
1,1744,906300
1,1745,509400
1,1746,154800
1,1747,368100
1,1748,12600
1,1749,421200
1,1750,819000
1,1751,169200
1,1752,1336500
1,1753,178200
1,1754,38700
1,1755,47700
1,1756,172800
1,1757,67500
1,1758,340200
1,1759,276300
1,1760,9000
1,1761,15300
1,1762,4500
1,1763,2700
1,1764,13500
1,1765,1800
1,1766,4500
1,1767,6300
1,1768,16200
1,1769,48600
1,1770,4500
1,1771,900
1,1772,5400
1,1773,32400
1,1774,408600
1,1775,293400
1,1776,3600
1,1777,6381000
1,1778,6048900
1,1779,3271500
1,1780,1231200
1,1781,1174500
1,1782,2268900
1,1783,6063300
1,1784,5658300
1,1785,2801700
1,1786,243900
1,1787,4116600
1,1788,2112300
1,1789,1003500
1,1790,3364200
1,1791,4426200
1,1792,7307100
1,1793,7415100
1,1794,7572600
1,1795,3345300
1,1796,1918800
1,1797,5319900
1,1798,6242400
1,1799,4794300
1,1800,6273000
1,1801,4281300
1,1802,7017300
1,1803,4246200
1,1804,8031600
1,1805,1457100
1,1806,790200
1,1807,494100
1,1808,1353600
1,1809,4491900
1,1810,5310000
1,1811,1029600
1,1812,138600
1,1813,654300
1,1814,90900
1,1815,51300
1,1816,535500
1,1817,408600
1,1818,874800
1,1819,205200
1,1820,368100
1,1821,69300
1,1822,13500
1,1823,33300
1,1824,1080000
1,1825,652500
1,1826,394200
1,1827,997200
1,1828,112500
1,1829,5400
1,1830,56700
1,1831,414900
1,1832,1036800
1,1833,50400
1,1834,212400
1,1835,8100
1,1836,12600
1,1837,900
1,1838,2700
1,1839,579600
1,1840,1571400
1,1841,242100
1,1842,507600
1,1843,431100
1,1844,5564700
1,1845,3500100
1,1846,1420200
1,1847,419400
1,1848,511200
1,1849,62100
1,1850,406800
1,1851,2198700
1,1852,1908000
1,1853,15300
1,1854,12600
1,1855,900
1,1856,711900
1,1857,2700
1,1858,4500
1,1859,81000
1,1860,3653100
1,1861,5818500
1,1862,5502600
1,1863,3198600
1,1864,1390500
1,1865,1562400
1,1866,2321100
1,1867,6543900
1,1868,5274900
1,1869,4582800
1,1870,4364100
1,1871,4363200
1,1872,7292700
1,1873,4985100
1,1874,4652100
1,1875,4878000
1,1876,7285500
1,1877,9846000
1,1878,6867900
1,1879,3267900
1,1880,4887000
1,1881,2130300
1,1882,1413900
1,1883,765000
1,1884,2743200
1,1885,5727600
1,1886,1946700
1,1887,3421800
1,1888,628200
1,1889,402300
1,1890,361800
1,1891,1034100
1,1892,690300
1,1893,928800
1,1894,616500
1,1895,164700
1,1896,39600
1,1897,20700
1,1898,480600
1,1899,429300
1,1900,72000
1,1901,927000
1,1902,4033800
1,1903,4508100
1,1904,4193100
1,1905,2757600
1,1906,1472400
1,1907,1369800
1,1908,3639600
1,1909,3072600
1,1910,1222200
1,1911,6473700
1,1912,5888700
1,1913,4414500
1,1914,2466000
1,1915,9451800
1,1916,5238000
1,1917,5407200
1,1918,11207700
1,1919,10135800
1,1920,6885000
1,1921,2408400
1,1922,338400
1,1923,27000
1,1924,514800
1,1925,1605600
1,1926,1536300
1,1927,1444500
1,1928,39600
1,1929,230400
1,1930,36000
1,1931,231300
1,1932,278100
1,1933,1135800
1,1934,3423600
1,1935,3888000
1,1936,93600
1,1937,81900
1,1938,1292400
1,1939,3160800
1,1940,6615000
1,1941,4329900
1,1942,4727700
1,1943,2055600
1,1944,4982400
1,1945,8237700
1,1946,9424800
1,1947,7252200
1,1948,9312300
1,1949,9664200
1,1950,5389200
1,1951,7216200
1,1952,5172300
1,1953,9850500
1,1954,539100
1,1955,1141200
1,1956,234900
1,1957,76500
1,1958,1035900
1,1959,3724200
1,1960,933300
1,1961,4500
1,1962,204300
1,1963,4500
1,1964,605700
1,1965,457200
1,1966,939600
1,1967,1564200
1,1968,1055700
1,1969,1225800
1,1970,1996200
1,1971,1999800
1,1972,3393900
1,1973,2628000
1,1974,2001600
1,1975,3097800
1,1976,1662300
1,1977,3005100
1,1978,3034800
1,1979,4694400
1,1980,3548700
1,1981,3315600
1,1982,2990700
1,1983,3353400
1,1984,6193800
1,1985,8298900
1,1986,3097800
1,1987,1980900
1,1988,4012200
1,1989,8577000
1,1990,12206700
1,1991,4536000
1,1992,2585700
1,1993,3663000
1,1994,3447900
1,1995,3878100
1,1996,5904000
1,1997,5682600
1,1998,2349000
1,1999,1613700
1,2000,2263500
1,2001,937800
1,2002,1988100
1,2003,2338200
1,2004,1671300
1,2005,348300
1,2006,49500
1,2007,1075500
1,2008,743400
1,2009,1807200
1,2010,239400
1,2011,2360700
1,2012,3851100
1,2013,2700
1,2014,57600
1,2015,2730600
1,2016,4984200
1,2017,4400100
1,2018,4091400
1,2019,2593800
1,2020,4387500
1,2021,3468600
1,2022,3330000
1,2023,513000
1,2024,4500
1,2025,798300
1,2026,5904000
1,2027,1933200
1,2028,3035700
1,2029,1800
1,2030,19800
1,2032,783900
1,2033,1883700
1,2034,3024900
1,2035,439200
1,2036,969300
1,2037,4108500
1,2038,2076300
1,2039,1567800
1,2040,1811700
1,2041,495000
1,2042,1972800
1,2043,3264300
1,2044,2213100
1,2045,2183400
1,2046,2874600
1,2047,3413700
1,2048,851400
1,2049,2648700
1,2050,3150000
1,2051,2093400
1,2052,1928700
1,2053,3161700
1,2054,3960900
1,2055,2808900
1,2056,2071800
1,2057,1619100
1,2058,888300
1,2059,1393200
1,2060,777600
1,2061,2517300
1,2062,3120300
1,2063,837900
1,2064,1682100
1,2065,1029600
1,2066,1546200
1,2067,2037600
1,2068,1912500
1,2069,2654100
1,2070,820800
1,2071,1885500
1,2072,1106100
1,2073,636300
1,2074,380700
1,2075,922500
1,2076,1854900
1,2077,1197900
1,2078,782100
1,2079,1644300
1,2080,764100
1,2081,893700
1,2082,1661400
1,2083,908100
1,2084,2534400
1,2085,389700
1,2086,1804500
1,2087,1435500
1,2088,1199700
1,2089,952200
1,2090,594000
1,2091,313200
1,2092,6300
1,2093,42300
1,2094,510300
1,2095,110700
1,2096,5732100
1,2097,19800
1,2098,3688200
1,2099,115200
1,2100,3402900
1,2101,496800
1,2102,2979900
1,2103,2061000
1,2104,2087100
1,2105,1387800
1,2106,151200
1,2107,1283400
1,2108,3247200
1,2109,165600
1,2110,3483000
1,2111,1995300
1,2112,2050200
1,2113,2996100
1,2114,1522800
1,2115,3484800
1,2116,3676500
1,2117,644400
1,2118,1941300
1,2119,886500
1,2120,55800
1,2121,365400
1,2122,1404000
1,2123,3316500
1,2124,2517300
1,2125,2560500
1,2126,1653300
1,2127,1240200
1,2128,2060100
1,2129,1526400
1,2130,1977300
1,2131,976500
1,2132,1010700
1,2133,1168200
1,2134,430200
1,2135,764100
1,2136,1486800
1,2137,1381500
1,2138,1997100
1,2139,2790900
1,2140,1258200
1,2141,2501100
1,2142,1623600
1,2143,1206000
1,2144,1611900
1,2145,894600
1,2146,1152000
1,2147,494100
1,2148,570600
1,2149,803700
1,2150,1136700
1,2151,1990800
1,2152,553500
1,2153,772200
1,2154,663300
1,2155,286200
1,2156,612900
1,2157,296100
1,2158,1290600
1,2159,187200
1,2160,249300
1,2161,72000
1,2162,164700
1,2163,1132200
1,2164,901800
1,2165,457200
1,2166,182700
1,2167,13500
1,2168,2700
1,2169,736200
1,2170,426600
1,2171,681300
1,2172,3085200
1,2173,1754100
1,2174,1131300
1,2175,37800
1,2176,3905100
1,2177,40500
1,2178,882900
1,2179,1757700
1,2180,412200
1,2181,1204200
1,2182,1859400
1,2183,821700
1,2184,2232900
1,2185,411300
1,2186,1322100
1,2187,473400
1,2188,600300
1,2189,971100
1,2190,1153800
1,2191,826200
1,2192,1226700
1,2193,1026900
1,2194,1022400
1,2195,1918800
1,2196,1382400
1,2197,610200
1,2198,652500
1,2199,476100
1,2200,810000
1,2201,731700
1,2202,1366200
1,2203,533700
1,2204,821700
1,2205,558900
1,2206,653400
1,2207,217800
1,2208,474300
1,2209,531000
1,2210,841500
1,2211,737100
1,2212,576900
1,2213,551700
1,2214,638100
1,2215,801000
1,2216,593100
1,2217,1016100
1,2218,611100
1,2219,858600
1,2220,684900
1,2221,424800
1,2222,327600
1,2223,1442700
1,2224,1243800
1,2225,207000
1,2226,555300
1,2227,225000
1,2228,5400
1,2229,207900
1,2230,384300
1,2231,177300
1,2232,112500
1,2233,557100
1,2234,412200
1,2235,57600
1,2236,267300
1,2237,357300
1,2238,50400
1,2239,11700
1,2240,900
1,2241,171900
1,2242,570600
1,2243,329400
1,2244,1384200
1,2245,72900
1,2246,1017000
1,2247,1993500
1,2248,67500
1,2249,1555200
1,2250,1357200
1,2251,588600
1,2252,361800
1,2253,846900
1,2254,1137600
1,2255,1416600
1,2256,1179900
1,2257,1114200
1,2258,513900
1,2259,945000
1,2260,902700
1,2261,2313000
1,2262,2076300
1,2263,1163700
1,2264,2418300
1,2265,772200
1,2266,1532700
1,2267,1302300
1,2268,968400
1,2269,620100
1,2270,1553400
1,2271,1163700
1,2272,620100
1,2273,1097100
1,2274,1672200
1,2275,1334700
1,2276,922500
1,2277,498600
1,2278,612000
1,2279,382500
1,2280,731700
1,2281,856800
1,2282,400500
1,2283,441900
1,2284,571500
1,2285,541800
1,2286,563400
1,2287,355500
1,2288,514800
1,2289,629100
1,2290,565200
1,2291,137700
1,2292,283500
1,2293,116100
1,2294,25200
1,2295,261900
1,2296,333000
1,2297,614700
1,2298,63000
1,2299,87300
1,2300,19800
1,2301,467100
1,2302,639000
1,2303,35100
1,2304,146700
1,2305,662400
1,2306,423000
1,2307,1475100
1,2308,1647900
1,2309,1551600
1,2310,1773900
1,2311,1419300
1,2312,1261800
1,2313,1247400
1,2314,1006200
1,2315,1914300
1,2316,2144700
1,2317,1228500
1,2318,267300
1,2319,655200
1,2320,682200
1,2321,974700
1,2322,1683000
1,2323,1612800
1,2324,116100
1,2325,754200
1,2326,166500
1,2327,27900
1,2328,512100
1,2329,7200
1,2330,561600
1,2331,354600
1,2332,430200
1,2333,645300
1,2334,428400
1,2335,171000
1,2336,576000
1,2337,770400
1,2338,1406700
1,2339,1402200
1,2340,2026800
1,2341,1251000
1,2342,756900
1,2343,1136700
1,2344,1291500
1,2345,896400
1,2346,993600
1,2347,764100
1,2348,927000
1,2349,1262700
1,2350,821700
1,2351,936900
1,2352,370800
1,2353,165600
1,2354,66600
1,2355,414000
1,2356,344700
1,2357,720000
1,2358,557100
1,2359,9900
1,2360,10800
1,2361,182700
1,2362,5400
1,2363,999000
1,2364,1647000
1,2365,1139400
1,2366,1404000
1,2367,201600
1,2368,1105200
1,2369,1404000
1,2370,1217700
1,2371,1375200
1,2372,1024200
1,2373,950400
1,2374,1628100
1,2375,1713600
1,2376,1775700
1,2377,736200
1,2378,651600
1,2379,759600
1,2380,719100
1,2381,1426500
1,2382,1433700
1,2383,1026000
1,2384,220500
1,2385,681300
1,2386,180900
1,2387,179100
1,2388,564300
1,2389,482400
1,2390,616500
1,2391,74700
1,2392,83700
1,2393,130500
1,2394,375300
1,2395,900
1,2396,531900
1,2397,802800
1,2398,285300
1,2399,8100
1,2400,513000
1,2401,276300
1,2402,308700
1,2403,279900
1,2404,1328400
1,2405,576900
1,2406,72900
1,2407,691200
1,2408,729900
1,2409,1387800
1,2410,937800
1,2411,73800
1,2412,86400
1,2413,411300
1,2414,497700
1,2415,1264500
1,2416,216900
1,2417,36000
1,2418,516600
1,2419,54900
1,2420,174600
1,2421,7200
1,2422,5400
1,2423,788400
1,2424,1152000
1,2425,8100
1,2426,403200
1,2427,257400
1,2428,4500
1,2429,4500
1,2430,153900
1,2431,835200
1,2432,1052100
1,2433,621900
1,2434,756900
1,2435,555300
1,2436,880200
1,2437,1478700
1,2438,282600
1,2439,936000
1,2440,192600
1,2441,253800
1,2442,346500
1,2443,410400
1,2444,954900
1,2445,100800
1,2446,67500
1,2447,209700
1,2448,378900
1,2449,191700
1,2450,237600
1,2451,272700
1,2452,25200
1,2453,225900
1,2454,48600
1,2455,15300
1,2456,4500
1,2457,243000
1,2458,12600
1,2459,3600
1,2460,52200
1,2461,35100
1,2462,1800
1,2463,27900
1,2464,1197000
1,2465,708300
1,2466,1890000
1,2467,393300
1,2468,324000
1,2469,251100
1,2470,229500
1,2471,1302300
1,2472,313200
1,2473,1038600
1,2474,664200
1,2475,1044000
1,2476,521100
1,2477,6300
1,2478,45000
1,2479,156600
1,2480,109800
1,2481,782100
1,2482,17100
1,2483,38700
1,2484,800100
1,2485,88200
1,2486,313200
1,2487,383400
1,2488,493200
1,2489,127800
1,2490,9900
1,2491,40500
1,2492,427500
1,2493,557100
1,2494,707400
1,2495,931500
1,2496,256500
1,2497,57600
1,2498,288000
1,2499,828000
1,2500,306900
1,2501,18000
1,2502,5400
1,2503,3600
1,2504,61200
1,2505,190800
1,2506,184500
1,2507,49500
1,2508,765900
1,2509,567000
1,2510,572400
1,2511,395100
1,2512,739800
1,2513,303300
1,2514,677700
1,2515,500400
1,2516,126000
1,2517,32400
1,2518,17100
1,2519,331200
1,2520,461700
1,2521,345600
1,2522,33300
1,2523,6300
1,2524,99000
1,2525,900
1,2526,33300
1,2527,1800
1,2528,19800
1,2529,23400
1,2530,14400
1,2531,139500
1,2532,476100
1,2533,4500
1,2534,12600
1,2535,10800
1,2536,81000
1,2537,194400
