id1	id2	boundary
1	1	5283.259714
1	2	2641.629747
1	3	2641.629851
1	4	2641.629849
1	5	2641.629888
2	2	7924.889570
2	3	2641.629928
2	9	2641.629757
3	4	2641.629888
3	8	2641.629851
3	9	2641.629823
3	26	2641.629830
4	5	2641.629757
4	14	2641.629823
4	25	2641.629830
4	26	2641.629884
5	5	5283.259681
5	14	2641.629947
5	19	2641.629823
6	6	7924.889475
6	7	2641.629849
6	8	2641.629888
6	9	2641.629884
7	7	2641.629888
7	8	2641.629757
7	21	2641.629823
7	27	2641.629928
7	28	2641.629851
8	9	2641.629830
8	21	2644.181178
8	26	2639.929763
9	9	5283.259737
10	10	5283.259747
10	11	2641.629747
10	17	2641.629789
10	18	2641.629888
10	39	2641.629830
11	11	2641.629928
11	12	2641.629757
11	30	2641.629888
11	38	2641.629732
11	39	2641.629884
12	12	10566.519350
12	30	2641.629849
13	14	2641.629888
13	15	2641.629884
13	16	2641.629830
13	17	2641.629823
13	18	2641.629757
13	19	2641.629849
14	15	2641.629830
14	19	2641.629757
14	25	2641.629851
15	16	2641.629813
15	24	2641.629789
15	25	2641.629888
15	46	2641.629830
16	17	2641.629757
16	34	2641.629888
16	45	2641.629830
16	46	2641.629851
17	18	2641.629849
17	34	2641.629849
17	39	2641.629888
18	18	5283.259681
18	19	2641.629888
19	19	5283.259714
20	21	2641.629813
20	22	2642.481419
20	23	2639.078592
20	24	2641.629888
20	25	2641.629757
20	26	2641.629830
21	22	2641.629830
21	26	2640.780597
21	27	2641.629851
22	22	5283.259587
22	23	2643.331333
22	27	2641.629823
23	23	2641.629851
23	24	2641.629789
23	41	2641.629888
23	50	2641.629830
24	25	2641.629849
24	41	2641.629849
24	46	2641.629888
25	26	2641.629888
27	27	5283.259798
27	28	2641.629747
28	28	10566.519414
29	29	7924.889527
29	30	2641.629823
29	31	2641.629851
29	32	2641.629830
30	30	2641.629757
30	31	2641.629830
30	38	2641.629884
31	32	2641.629888
31	37	2641.629757
31	38	2641.629888
31	61	2641.629849
32	32	2641.629851
32	53	2641.629747
32	60	2641.629811
32	61	2641.629884
33	34	2641.629823
33	35	2641.629851
33	36	2641.629830
33	37	2641.629813
33	38	2641.629884
33	39	2641.629849
34	35	2641.629830
34	39	2641.629757
34	45	2641.629884
35	36	2641.629888
35	44	2641.629757
35	45	2641.629888
35	68	2641.629849
36	37	2641.629851
36	57	2641.629747
36	67	2641.629811
36	68	2641.629884
37	38	2641.629830
37	57	2641.629830
37	61	2641.629888
38	39	2641.629954
40	41	2641.629823
40	42	2641.629851
40	43	2641.629830
40	44	2641.629813
40	45	2641.629884
40	46	2641.629849
41	42	2641.629928
41	46	2641.629757
41	50	2641.629851
42	43	2641.629888
42	49	2641.629851
42	50	2641.629747
42	75	2641.629849
43	44	2641.629851
43	63	2641.629747
43	74	2641.629811
43	75	2641.629884
44	45	2641.629830
44	63	2641.629928
44	68	2641.629823
45	46	2641.629888
47	47	10566.519414
47	48	2641.629888
47	51	2641.629747
48	48	5283.259587
48	49	2641.629851
48	70	2641.629747
48	78	2641.629928
49	49	2641.629813
49	50	2641.629811
49	70	2644.181159
49	75	2639.929763
50	50	5283.259772
51	51	10566.519376
51	52	2641.629888
52	52	13208.149194
53	53	5283.259817
53	54	2641.629849
53	55	2641.629851
53	60	2641.629851
54	54	10566.519392
54	60	2641.629888
55	55	13208.149297
56	56	2641.629747
56	57	2641.629823
56	58	2641.629724
56	59	2641.629928
56	60	2641.629851
56	61	2641.629830
57	58	2641.629947
57	61	2641.629884
57	67	2641.629851
58	59	2641.629747
58	66	2641.629884
58	67	2641.629888
58	90	2641.629811
59	59	2641.629851
59	80	2641.629888
59	89	2641.629751
59	90	2641.629884
60	60	2641.629830
60	61	2641.629813
62	63	2641.629888
62	64	2641.629789
62	65	2641.629830
62	66	2641.629747
62	67	2641.629851
62	68	2641.629830
63	64	2641.629849
63	68	2641.629851
63	74	2641.629851
64	65	2641.629813
64	73	2641.629884
64	74	2641.629888
64	97	2641.629811
65	66	2641.629851
65	85	2641.629888
65	96	2641.629849
65	97	2641.629851
66	67	2641.629830
66	85	2641.629830
66	90	2641.629813
67	68	2641.629813
69	70	2641.629888
69	71	2642.481325
69	72	2639.078592
69	73	2641.629813
69	74	2641.629851
69	75	2641.629830
70	71	2641.629849
70	75	2640.780597
70	78	2641.629851
71	72	2643.331333
71	77	2641.629851
71	78	2641.629823
71	102	2641.629811
72	73	2641.629884
72	92	2641.629888
72	101	2641.629849
72	102	2641.629851
73	74	2641.629830
73	92	2641.629830
73	97	2641.629813
74	75	2641.629813
76	76	10566.519278
76	77	2641.629884
76	99	2641.629888
77	77	2641.629813
77	78	2641.629928
77	99	2641.629830
77	102	2641.629813
78	78	5283.259674
79	79	7924.889556
79	107	2641.629813
79	117	2641.629830
79	118	2641.629851
80	80	7924.889429
80	81	2641.629811
80	89	2641.629884
81	81	2641.629851
81	82	2641.629888
81	88	2641.629851
81	89	2641.629813
81	125	2641.629830
82	82	2641.629849
82	83	2641.629757
82	113	2641.629823
82	124	2641.629830
82	125	2641.629884
83	83	7924.889570
83	113	2641.629928
83	118	2641.629747
84	85	2641.629747
84	86	2641.629851
84	87	2641.629849
84	88	2641.629888
84	89	2641.629884
84	90	2641.629830
85	86	2641.629811
85	90	2641.629851
85	96	2641.629884
86	87	2641.629888
86	95	2641.629851
86	96	2641.629813
86	132	2641.629830
87	88	2641.629757
87	120	2641.629823
87	131	2641.629830
87	132	2641.629884
88	89	2641.629830
88	120	2641.629849
88	125	2641.629888
89	90	2641.629954
91	92	2641.629747
91	93	2641.629851
91	94	2641.629849
91	95	2641.629888
91	96	2641.629884
91	97	2641.629830
92	93	2641.629928
92	97	2641.629851
92	101	2641.629757
93	93	2641.629830
93	94	2641.629888
93	100	2641.629851
93	101	2641.629823
94	94	2641.629884
94	95	2641.629757
94	127	2641.629823
94	133	2641.629830
95	96	2641.629830
95	127	2641.629947
95	132	2641.629823
96	97	2641.629888
98	98	5283.259638
98	99	2641.629954
98	100	2641.629888
98	101	2641.629884
98	102	2641.629732
99	99	5283.259606
99	102	2641.629884
100	100	7925.740698
100	101	2641.629830
101	102	2641.629888
103	103	13208.149375
103	104	2641.629830
104	104	7924.889392
104	138	2641.629928
104	139	2641.629851
105	105	7924.889527
105	110	2641.629884
105	111	2641.629813
105	144	2641.629830
106	106	2641.629849
106	107	2641.629888
106	108	2641.629884
106	109	2641.629811
106	110	2641.629747
106	111	2641.629757
107	107	5283.259662
107	108	2641.629830
107	117	2641.629851
108	109	2641.629813
108	116	2641.629884
108	117	2641.629813
108	150	2641.629830
109	110	2641.629851
109	143	2641.629888
109	149	2641.629830
109	150	2641.629851
110	111	2641.629830
110	143	2641.629849
110	144	2641.629888
111	111	7924.889570
112	113	2641.629888
112	114	2641.629884
112	115	2641.629811
112	116	2641.629813
112	117	2641.629757
112	118	2641.629947
113	114	2641.629830
113	118	2641.629851
113	124	2641.629851
114	115	2641.629813
114	123	2641.629884
114	124	2641.629813
114	157	2641.629830
115	116	2641.629884
115	146	2641.629954
115	156	2641.629830
115	157	2641.629851
116	117	2641.629732
116	146	2641.629751
116	150	2641.629888
117	118	2641.629823
118	118	2641.629928
119	120	2641.629823
119	121	2641.629724
119	122	2641.629928
119	123	2641.629747
119	124	2641.629757
119	125	2641.629849
120	121	2641.629928
120	125	2641.629789
120	131	2641.629851
121	122	2641.629823
121	130	2641.629884
121	131	2641.629813
121	164	2641.629830
122	123	2641.629851
122	152	2641.629888
122	163	2641.629732
122	164	2641.629884
123	124	2641.629830
123	152	2641.629849
123	157	2641.629888
124	125	2641.629888
126	127	2641.629888
126	128	2641.629789
126	129	2641.629830
126	130	2641.629747
126	131	2641.629757
126	132	2641.629849
127	128	2641.629830
127	132	2641.629757
127	133	2641.629851
128	128	5283.259714
128	129	2641.629888
128	133	2641.629813
129	129	5283.259681
129	130	2641.629851
129	159	2641.629888
130	131	2641.629830
130	159	2641.629849
130	164	2641.629888
131	132	2641.629888
133	133	7924.889475
134	134	15849.779270
135	135	5283.259737
135	136	2641.629813
135	137	2641.629757
135	138	2641.629851
135	139	2641.629811
136	136	7924.889621
136	137	2641.629830
136	139	2641.629884
137	137	7924.889487
137	171	2641.629928
138	138	7924.889494
138	139	2641.629747
139	139	5283.259719
140	140	10566.519298
140	141	2641.629757
140	142	2641.629947
141	141	10566.519324
141	142	2641.629888
142	142	7924.889565
142	170	2641.629813
143	143	5283.259653
143	144	2641.629757
143	149	2641.629884
144	144	7924.889527
145	145	2641.629888
145	146	2641.629823
145	147	2641.629851
145	148	2641.629830
145	149	2641.629851
145	150	2641.629928
146	147	2641.629830
146	150	2641.629757
146	156	2641.629884
147	148	2641.629823
147	155	2641.629757
147	156	2641.629888
147	199	2641.629947
148	148	2641.629884
148	188	2641.629888
148	198	2641.629830
148	199	2641.629851
149	149	5283.259737
149	150	2641.629747
151	152	2641.629823
151	153	2641.629851
151	154	2641.629830
151	155	2641.629888
151	156	2641.629789
151	157	2641.629849
152	153	2641.629830
152	157	2641.629757
152	163	2641.629884
153	154	2641.629888
153	162	2641.629757
153	163	2641.629888
153	206	2641.629849
154	155	2641.629851
154	194	2641.629747
154	205	2641.629811
154	206	2641.629884
155	156	2641.629849
155	194	2641.629928
155	199	2641.629823
156	157	2641.629888
158	159	2641.629823
158	160	2641.629851
158	161	2641.629830
158	162	2641.629813
158	163	2641.629884
158	164	2641.629849
159	159	2641.629884
159	160	2641.629830
159	164	2641.629757
160	160	2641.629888
160	161	2641.629888
160	167	2641.629757
160	213	2641.629849
161	162	2641.629851
161	201	2641.629747
161	212	2641.629811
161	213	2641.629884
162	163	2641.629830
162	201	2641.629830
162	206	2641.629888
163	164	2641.629954
165	165	10566.519407
165	166	2641.629830
165	167	2641.629813
166	166	2641.629888
166	167	2641.629851
166	208	2641.629747
166	219	2641.629811
166	220	2641.629884
167	167	2641.629830
167	208	2641.629928
167	213	2641.629823
168	168	7924.889570
168	215	2641.629747
168	226	2641.629928
168	227	2641.629757
169	169	15849.779012
170	170	10566.519315
170	171	2641.629851
171	171	10566.519336
172	172	7924.889494
172	173	2641.629884
172	174	2641.629830
172	175	2641.629823
173	173	7924.889568
173	174	2641.629888
173	178	2641.629789
174	174	5283.259606
174	175	2641.629851
174	234	2641.629888
175	175	5283.259779
175	234	2641.629830
175	236	2641.629888
176	176	10566.519378
176	177	2641.629830
176	178	2641.629823
177	177	10566.519383
177	178	2641.629851
178	178	7924.889568
179	179	5283.259540
179	180	2641.629888
179	185	2641.629789
179	186	2641.629888
179	247	2641.629751
180	180	5283.259681
180	238	2641.629888
180	246	2641.629849
180	247	2641.629757
181	181	2641.629830
181	182	2641.629888
181	183	2641.629789
181	184	2641.629830
181	185	2641.629747
181	186	2641.629851
182	182	7924.889570
182	183	2641.629849
182	192	2641.629757
183	184	2641.629888
183	191	2641.629789
183	192	2641.629888
183	254	2641.629849
184	185	2641.629851
184	242	2641.629888
184	253	2641.629849
184	254	2641.629757
185	186	2641.629928
185	242	2641.629830
185	247	2641.629954
186	186	7924.889592
187	187	2641.629830
187	188	2641.629888
187	189	2641.629789
187	190	2641.629830
187	191	2641.629747
187	192	2641.629851
188	188	5283.259681
188	189	2641.629849
188	198	2641.629757
189	190	2641.629888
189	197	2641.629789
189	198	2641.629888
189	261	2641.629849
190	191	2641.629851
190	249	2641.629888
190	260	2641.629849
190	261	2641.629757
191	192	2641.629830
191	249	2641.629830
191	254	2641.629888
192	192	5283.259643
193	194	2641.629888
193	195	2641.629789
193	196	2641.629830
193	197	2641.629813
193	198	2641.629851
193	199	2641.629928
194	195	2641.629849
194	199	2641.629851
194	205	2641.629851
195	196	2641.629888
195	204	2641.629884
195	205	2641.629888
195	268	2641.629830
196	197	2641.629884
196	256	2641.629954
196	267	2641.629849
196	268	2641.629757
197	198	2641.629732
197	256	2641.629732
197	261	2641.629888
198	199	2641.629747
200	201	2641.629823
200	202	2641.629724
200	203	2641.629928
200	204	2641.629747
200	205	2641.629851
200	206	2641.629830
201	202	2641.629947
201	206	2641.629884
201	212	2641.629851
202	203	2641.629747
202	211	2641.629884
202	212	2641.629888
202	275	2641.629811
203	204	2641.629851
203	263	2641.629888
203	274	2641.629751
203	275	2641.629884
204	205	2641.629830
204	263	2641.629830
204	268	2641.629813
205	206	2641.629813
207	208	2641.629888
207	209	2641.629789
207	210	2641.629830
207	211	2641.629747
207	212	2641.629851
207	213	2641.629830
208	209	2641.629849
208	213	2641.629851
208	219	2641.629851
209	210	2641.629813
209	218	2641.629884
209	219	2641.629888
209	282	2641.629811
210	211	2641.629851
210	270	2641.629888
210	281	2641.629849
210	282	2641.629851
211	212	2641.629830
211	270	2641.629830
211	275	2641.629813
212	213	2641.629813
214	215	2641.629888
214	216	2642.481325
214	217	2639.078592
214	218	2641.629813
214	219	2641.629851
214	220	2641.629830
215	215	2644.181159
215	216	2641.629849
215	220	2640.780597
215	226	2641.629851
216	217	2643.331333
216	225	2641.629851
216	226	2641.629823
216	289	2641.629811
217	218	2641.629884
217	277	2641.629888
217	288	2641.629849
217	289	2641.629851
218	219	2641.629830
218	277	2641.629830
218	282	2641.629813
219	220	2641.629813
220	220	5281.559612
221	222	2641.629888
221	223	2641.629757
221	224	2641.629830
221	225	2641.629813
221	226	2641.629851
221	227	2641.629830
222	222	5283.259653
222	223	2641.629849
222	227	2641.629884
222	232	2641.629757
223	224	2641.629747
223	231	2641.629789
223	232	2641.629888
223	296	2641.629830
224	225	2641.629884
224	284	2641.629888
224	295	2641.629849
224	296	2641.629851
225	226	2641.629928
225	284	2641.629830
225	289	2641.629813
226	227	2641.629823
227	227	5283.259737
228	228	5283.259719
228	229	2641.629757
228	230	2641.629830
228	231	2641.629813
228	232	2641.629851
229	229	10566.519422
229	230	2641.629747
230	230	2641.629851
230	231	2641.629884
230	291	2641.629888
230	299	2641.629849
231	232	2641.629830
231	291	2641.629830
231	296	2641.629888
232	232	5283.259770
233	233	7924.889527
233	234	2641.629888
233	235	2641.629757
233	236	2641.629830
234	234	2641.629884
234	235	2641.629830
234	236	2641.629884
235	235	7924.889458
235	301	2641.629849
236	236	7924.889429
237	237	15849.778969
238	238	7924.889602
238	239	2641.629849
238	246	2641.629789
239	239	2641.629757
239	240	2641.629823
239	245	2641.629851
239	246	2641.629888
239	318	2641.629928
240	240	5283.259733
240	306	2641.629813
240	317	2641.629830
240	318	2641.629851
241	242	2641.629888
241	243	2641.629757
241	244	2641.629947
241	245	2641.629823
241	246	2641.629851
241	247	2641.629830
242	243	2641.629830
242	247	2641.629884
242	253	2641.629884
243	244	2641.629888
243	252	2641.629851
243	253	2641.629813
243	325	2641.629830
244	245	2641.629851
244	313	2641.629747
244	324	2641.629928
244	325	2641.629884
245	246	2641.629830
245	313	2641.629811
245	318	2641.629747
246	247	2641.629823
248	249	2641.629747
248	250	2641.629851
248	251	2641.629849
248	252	2641.629888
248	253	2641.629851
248	254	2641.629928
249	250	2641.629811
249	254	2641.629851
249	260	2641.629884
250	251	2641.629888
250	259	2641.629851
250	260	2641.629813
250	332	2641.629830
251	252	2641.629884
251	320	2641.629813
251	331	2641.629830
251	332	2641.629884
252	253	2641.629830
252	320	2641.629811
252	325	2641.629747
253	254	2641.629823
255	256	2641.629747
255	257	2641.629851
255	258	2641.629849
255	259	2641.629888
255	260	2641.629851
255	261	2641.629928
256	257	2641.629811
256	261	2641.629851
256	267	2641.629884
257	258	2641.629823
257	266	2641.629851
257	267	2641.629813
257	338	2641.629928
258	259	2641.629884
258	327	2641.629813
258	337	2641.629830
258	338	2641.629851
259	260	2641.629830
259	327	2641.629811
259	332	2641.629747
260	261	2641.629823
262	263	2641.629747
262	264	2641.629851
262	265	2641.629849
262	266	2641.629888
262	267	2641.629884
262	268	2641.629830
263	264	2641.629811
263	268	2641.629851
263	274	2641.629884
264	265	2641.629888
264	273	2641.629851
264	274	2641.629813
264	345	2641.629830
265	266	2641.629757
265	334	2641.629823
265	344	2641.629830
265	345	2641.629884
266	267	2641.629830
266	334	2641.629928
266	338	2641.629747
267	268	2641.629888
269	270	2641.629747
269	271	2641.629851
269	272	2641.629849
269	273	2641.629888
269	274	2641.629884
269	275	2641.629830
270	271	2641.629811
270	275	2641.629851
270	281	2641.629884
271	272	2641.629888
271	280	2641.629851
271	281	2641.629813
271	352	2641.629830
272	273	2641.629757
272	340	2641.629823
272	351	2641.629830
272	352	2641.629884
273	274	2641.629830
273	340	2641.629849
273	345	2641.629888
274	275	2641.629954
276	277	2641.629747
276	278	2641.629851
276	279	2641.629849
276	280	2641.629888
276	281	2641.629884
276	282	2641.629830
277	278	2641.629928
277	282	2641.629851
277	288	2641.629757
278	279	2641.629888
278	287	2641.629851
278	288	2641.629823
278	359	2641.629830
279	280	2641.629757
279	347	2641.629823
279	358	2641.629830
279	359	2641.629884
280	281	2641.629830
280	347	2641.629947
280	352	2641.629823
281	282	2641.629888
283	284	2641.629954
283	285	2641.629789
283	286	2641.629849
283	287	2641.629888
283	288	2641.629884
283	289	2641.629732
284	285	2641.629849
284	289	2641.629884
284	295	2641.629757
285	286	2641.629888
285	294	2641.629851
285	295	2641.629823
285	365	2641.629830
286	287	2641.629757
286	354	2641.629823
286	364	2641.629928
286	365	2641.629851
287	288	2641.629830
287	354	2644.181178
287	359	2639.929763
288	289	2641.629888
290	291	2641.629888
290	292	2641.629884
290	293	2641.629830
290	294	2641.629888
290	295	2641.629884
290	296	2641.629830
291	292	2641.629849
291	296	2641.629851
291	299	2641.629757
292	293	2641.629813
292	298	2641.629851
292	299	2641.629823
292	371	2641.629830
293	294	2641.629757
293	361	2641.629823
293	370	2641.629928
293	371	2641.629851
294	295	2641.629830
294	361	2641.629849
294	365	2641.629888
295	296	2641.629888
297	297	7924.889494
297	298	2641.629757
297	367	2641.629888
297	372	2641.629830
298	298	2641.629888
298	299	2641.629830
298	367	2641.629849
298	371	2641.629888
299	299	5283.259772
300	300	10566.519456
300	301	2641.629851
300	302	2641.629757
301	301	10566.519331
302	302	13208.149213
303	303	5283.259652
303	304	2641.629954
303	309	2641.629851
303	310	2641.629747
303	385	2641.629830
304	304	7924.889436
304	377	2641.629823
304	385	2641.629851
305	306	2641.629888
305	307	2641.629884
305	308	2641.629830
305	309	2641.629888
305	310	2641.629789
305	311	2641.629849
306	306	2641.629811
306	307	2641.629830
306	311	2641.629851
306	317	2641.629851
307	308	2641.629813
307	316	2641.629851
307	317	2641.629747
307	392	2641.629830
308	309	2641.629757
308	381	2641.629888
308	391	2641.629830
308	392	2641.629851
309	310	2641.629830
309	381	2641.629849
309	385	2641.629888
310	310	5283.259681
310	311	2641.629888
311	311	7924.889527
312	313	2641.629888
312	314	2641.629884
312	315	2641.629830
312	316	2641.629888
312	317	2641.629789
312	318	2641.629849
313	314	2641.629732
313	318	2641.629851
313	324	2641.629851
314	315	2641.629813
314	323	2641.629884
314	324	2641.629813
314	399	2641.629732
315	316	2641.629757
315	387	2641.629888
315	398	2641.629830
315	399	2641.629851
316	317	2641.629830
316	387	2641.629849
316	392	2641.629888
317	318	2641.629888
319	320	2641.629888
319	321	2641.629884
319	322	2641.629811
319	323	2641.629747
319	324	2641.629757
319	325	2641.629849
320	321	2641.629830
320	325	2641.629851
320	331	2641.629851
321	322	2641.629813
321	330	2641.629884
321	331	2641.629813
321	406	2641.629830
322	323	2641.629851
322	394	2641.629888
322	405	2641.629830
322	406	2641.629851
323	324	2641.629928
323	394	2641.629849
323	399	2641.629954
324	325	2641.629888
326	327	2641.629888
326	328	2641.629884
326	329	2641.629811
326	330	2641.629747
326	331	2641.629757
326	332	2641.629849
327	328	2641.629830
327	332	2641.629851
327	337	2641.629851
328	328	2641.629884
328	329	2641.629813
328	337	2641.629813
328	413	2641.629830
329	330	2641.629851
329	401	2641.629888
329	412	2641.629830
329	413	2641.629851
330	331	2641.629830
330	401	2641.629849
330	406	2641.629888
331	332	2641.629888
333	333	2641.629813
333	334	2641.629888
333	335	2641.629884
333	336	2641.629811
333	337	2641.629757
333	338	2641.629947
334	335	2641.629830
334	338	2641.629851
334	344	2641.629851
335	336	2641.629813
335	343	2641.629884
335	344	2641.629813
335	418	2641.629830
336	336	2641.629884
336	408	2641.629954
336	417	2641.629830
336	418	2641.629851
337	337	2641.629732
337	338	2641.629823
339	340	2641.629823
339	341	2641.629724
339	342	2641.629928
339	343	2641.629747
339	344	2641.629757
339	345	2641.629849
340	341	2641.629928
340	345	2641.629789
340	351	2641.629851
341	342	2641.629823
341	350	2641.629884
341	351	2641.629813
341	424	2641.629830
342	342	2641.629888
342	343	2641.629851
342	423	2641.629732
342	424	2641.629884
343	343	2641.629849
343	344	2641.629830
343	418	2641.629888
344	345	2641.629888
346	347	2641.629888
346	348	2641.629789
346	349	2641.629830
346	350	2641.629747
346	351	2641.629757
346	352	2641.629849
347	348	2641.629830
347	352	2641.629757
347	358	2641.629851
348	349	2641.629888
348	357	2641.629884
348	358	2641.629813
348	429	2641.629830
349	350	2641.629851
349	419	2641.629888
349	428	2641.629830
349	429	2641.629851
350	351	2641.629830
350	419	2641.629849
350	424	2641.629888
351	352	2641.629888
353	354	2641.629813
353	355	2642.481325
353	356	2639.078611
353	357	2641.629888
353	358	2641.629757
353	359	2641.629830
354	355	2641.629830
354	359	2640.780597
354	364	2641.629851
355	356	2643.331408
355	363	2641.629851
355	364	2641.629747
355	432	2641.629830
356	357	2641.629789
356	426	2641.629888
356	431	2641.629830
356	432	2641.629851
357	358	2641.629830
357	426	2641.629849
357	429	2641.629888
358	359	2641.629888
360	360	2641.629849
360	361	2641.629813
360	362	2641.629757
360	363	2641.629888
360	364	2641.629851
360	365	2641.629811
361	362	2641.629830
361	365	2641.629884
361	370	2641.629851
362	362	5283.259653
362	369	2641.629884
362	370	2641.629813
363	363	2641.629884
363	364	2641.629928
363	430	2641.629830
363	432	2641.629888
364	365	2641.629747
366	366	2641.629849
366	367	2641.629813
366	368	2641.629757
366	369	2641.629888
366	370	2641.629851
366	371	2641.629811
367	368	2641.629830
367	371	2641.629884
367	372	2641.629884
368	368	5283.259674
368	372	2641.629813
368	445	2641.629928
369	369	5283.259697
369	370	2641.629830
369	434	2641.629811
370	371	2641.629747
372	372	7924.889429
373	373	10566.519390
373	374	2641.629757
373	376	2641.629884
374	374	13208.149245
375	375	13208.149245
375	376	2641.629851
376	376	10566.519221
377	377	10566.519397
377	378	2641.629830
378	378	5283.259674
378	379	2641.629747
378	384	2641.629851
378	456	2641.629811
379	379	7924.889602
379	455	2641.629849
379	456	2641.629851
380	380	2641.629851
380	381	2641.629813
380	382	2641.629851
380	383	2641.629830
380	384	2641.629888
380	385	2641.629811
381	382	2641.629830
381	385	2641.629884
381	391	2641.629884
382	383	2641.629747
382	390	2641.629757
382	391	2641.629888
382	463	2641.629928
383	384	2641.629884
383	451	2641.629888
383	462	2641.629849
383	463	2641.629851
384	384	2641.629947
384	451	2641.629928
384	456	2641.629747
385	385	2641.629747
386	387	2641.629813
386	388	2641.629851
386	389	2641.629830
386	390	2641.629888
386	391	2641.629851
386	392	2641.629811
387	388	2641.629830
387	392	2641.629884
387	398	2641.629884
388	389	2641.629747
388	397	2641.629757
388	398	2641.629888
388	470	2641.629928
389	390	2641.629884
389	458	2641.629888
389	469	2641.629849
389	470	2641.629851
390	391	2641.629849
390	458	2641.629830
390	463	2641.629823
391	392	2641.629747
393	394	2641.629813
393	395	2641.629851
393	396	2641.629928
393	397	2641.629823
393	398	2641.629851
393	399	2641.629811
394	395	2641.629830
394	399	2641.629884
394	405	2641.629884
395	395	2641.629849
395	396	2641.629888
395	404	2641.629757
395	405	2641.629888
396	396	2641.629789
396	397	2641.629851
396	465	2641.629823
396	474	2641.629947
397	398	2641.629849
397	465	2641.629830
397	470	2641.629823
398	399	2641.629747
400	401	2641.629823
400	402	2641.629851
400	403	2641.629830
400	404	2641.629888
400	405	2641.629851
400	406	2641.629928
401	402	2641.629830
401	406	2641.629757
401	412	2641.629884
402	403	2641.629888
402	411	2641.629757
402	412	2641.629888
402	478	2641.629849
403	403	2641.629830
403	404	2641.629884
403	472	2641.629888
403	478	2641.629884
404	404	2641.629823
404	405	2641.629849
404	472	2641.629830
405	406	2641.629747
407	408	2641.629823
407	409	2641.629851
407	410	2641.629830
407	411	2641.629888
407	412	2641.629851
407	413	2641.629928
408	408	2641.629751
408	409	2641.629830
408	413	2641.629757
408	417	2641.629884
409	410	2641.629823
409	416	2641.629757
409	417	2641.629888
409	483	2641.629947
410	410	2641.629830
410	411	2641.629884
410	476	2641.629888
410	483	2641.629851
411	412	2641.629849
411	476	2641.629830
411	478	2641.629823
412	413	2641.629747
413	413	2641.629888
414	414	5283.259681
414	415	2641.629888
414	422	2641.629757
414	423	2641.629888
414	490	2641.629849
415	415	2641.629830
415	416	2641.629851
415	479	2641.629747
415	489	2641.629811
415	490	2641.629884
416	416	2641.629888
416	417	2641.629849
416	479	2641.629928
416	483	2641.629823
417	417	2641.629789
417	418	2641.629888
418	418	5283.259606
419	419	2641.629823
419	420	2641.629830
419	424	2641.629757
419	428	2641.629884
420	420	2641.629851
420	421	2641.629888
420	427	2641.629757
420	428	2641.629888
420	492	2641.629849
421	421	5283.259641
421	422	2641.629851
421	485	2641.629747
421	492	2641.629884
422	422	2641.629813
422	423	2641.629830
422	485	2641.629830
422	490	2641.629888
423	423	5283.259768
423	424	2641.629954
424	424	2641.629849
425	425	5283.259681
425	426	2641.629823
425	427	2641.629813
425	428	2641.629884
425	429	2641.629849
426	426	2641.629928
426	429	2641.629757
426	431	2641.629851
427	427	2641.629851
427	428	2641.629830
427	491	2641.629928
427	492	2641.629823
428	429	2641.629888
430	430	7924.889597
430	432	2641.629789
430	438	2641.629851
431	431	7924.889442
431	432	2641.629888
432	432	2641.629751
433	433	2641.629849
433	434	2641.629888
433	435	2641.629884
433	436	2641.629830
433	437	2641.629813
433	438	2641.629884
434	434	5283.259664
434	435	2641.629830
434	444	2641.629851
435	436	2641.629888
435	443	2641.629851
435	444	2641.629747
435	508	2641.629849
436	437	2641.629851
436	497	2641.629823
436	507	2641.629947
436	508	2641.629757
437	437	5283.259739
437	438	2641.629811
437	497	2641.629830
438	438	7924.889466
439	440	2641.629888
439	441	2641.629884
439	442	2641.629830
439	443	2641.629813
439	444	2641.629884
439	445	2641.629849
440	440	7924.889508
440	441	2641.629732
440	445	2641.629851
441	441	5283.259664
441	442	2641.629888
441	515	2641.629849
442	443	2641.629851
442	503	2641.629888
442	514	2641.629849
442	515	2641.629757
443	444	2641.629811
443	503	2641.629830
443	508	2641.629888
444	444	2641.629830
444	445	2641.629888
445	445	5283.259598
446	446	7924.889602
446	447	2641.629888
446	449	2641.629789
446	526	2641.629849
447	447	2641.629830
447	448	2641.629851
447	517	2641.629888
447	525	2641.629849
447	526	2641.629757
448	448	7924.889461
448	517	2641.629830
448	522	2641.629888
449	449	10566.519353
449	526	2641.629888
450	451	2641.629878
450	452	2641.629917
450	453	2641.629732
450	454	2641.629813
450	455	2641.629884
450	456	2641.629732
451	452	2641.629830
451	456	2641.629851
451	462	2641.629757
452	453	2641.629954
452	461	2641.629851
452	462	2641.629747
452	548	2641.629849
453	454	2641.629851
453	536	2641.629747
453	547	2641.629928
453	548	2641.629757
454	454	2641.629851
454	455	2641.629811
454	536	2641.629830
454	541	2641.629888
455	455	5283.259504
455	456	2641.629888
457	458	2641.629813
457	459	2641.629884
457	460	2641.629830
457	461	2641.629813
457	462	2641.629884
457	463	2641.629830
458	459	2641.629830
458	463	2641.629851
458	469	2641.629757
459	460	2641.629888
459	468	2641.629851
459	469	2641.629747
459	555	2641.629849
460	461	2641.629851
460	543	2641.629888
460	554	2641.629849
460	555	2641.629757
461	462	2641.629811
461	543	2641.629830
461	548	2641.629888
462	463	2641.629888
464	465	2641.629813
464	466	2641.629884
464	467	2641.629830
464	468	2641.629813
464	469	2641.629884
464	470	2641.629830
465	466	2641.629732
465	470	2641.629851
465	474	2641.629757
466	466	2641.629884
466	467	2641.629888
466	474	2641.629813
466	557	2641.629751
467	468	2641.629851
467	550	2641.629888
467	556	2641.629849
467	557	2641.629757
468	469	2641.629811
468	550	2641.629830
468	555	2641.629888
469	470	2641.629888
471	471	7924.889537
471	472	2641.629813
471	473	2641.629830
471	474	2641.629757
472	472	7924.889438
473	473	13208.149234
474	474	5283.259817
475	475	7924.889471
475	476	2641.629813
475	477	2641.629823
475	478	2641.629830
476	476	5283.259587
476	478	2641.629851
477	477	13208.149208
478	478	2641.629813
479	479	2641.629813
479	480	2641.629830
479	483	2641.629851
479	489	2641.629851
480	480	2641.629884
480	481	2641.629888
480	488	2641.629884
480	489	2641.629888
480	569	2641.629830
481	481	2641.629830
481	482	2641.629884
481	562	2641.629954
481	568	2641.629849
481	569	2641.629757
482	482	7924.889429
482	562	2641.629732
482	566	2641.629888
483	483	5283.259676
484	485	2641.629747
484	486	2641.629818
484	487	2641.629928
484	488	2641.629823
484	489	2641.629757
484	490	2641.629830
485	485	2641.629851
485	486	2641.629928
485	490	2641.629884
486	486	5283.259772
486	487	2641.629747
486	570	2641.629811
487	487	2641.629751
487	488	2641.629851
487	567	2641.629888
487	570	2641.629884
488	489	2641.629849
488	567	2641.629830
488	569	2641.629813
489	490	2641.629813
491	491	10566.519241
491	492	2641.629851
492	492	5283.259643
493	493	10563.968050
493	494	2642.481419
493	495	2641.629830
494	494	5284.961163
494	500	2641.629851
494	501	2641.629823
494	573	2641.629811
495	495	13205.599906
496	496	2641.629830
496	497	2641.629813
496	498	2641.629851
496	499	2641.629830
496	500	2641.629888
496	501	2641.629757
497	497	2641.629884
497	498	2641.629830
497	507	2641.629757
498	498	2641.629830
498	499	2641.629747
498	506	2641.629789
498	507	2641.629888
499	499	2641.629851
499	500	2641.629884
499	571	2641.629888
499	578	2641.629849
500	501	2641.629947
500	571	2641.629830
500	573	2641.629813
501	501	7924.889602
502	503	2641.629813
502	504	2641.629851
502	505	2641.629830
502	506	2641.629888
502	507	2641.629757
502	508	2641.629830
503	504	2641.629830
503	508	2641.629884
503	514	2641.629789
504	505	2641.629747
504	513	2641.629757
504	514	2641.629888
504	585	2641.629928
505	506	2641.629884
505	575	2641.629888
505	584	2641.629849
505	585	2641.629851
506	506	2641.629888
506	507	2641.629849
506	575	2641.629830
507	508	2641.629823
509	510	2641.629813
509	511	2641.629851
509	512	2641.629928
509	513	2641.629823
509	514	2641.629757
509	515	2641.629830
510	510	5283.259719
510	511	2641.629830
510	515	2641.629884
510	521	2641.629789
511	512	2641.629888
511	520	2641.629757
511	521	2641.629888
511	592	2641.629849
512	513	2641.629851
512	580	2641.629888
512	591	2641.629849
512	592	2641.629789
513	514	2641.629849
513	580	2641.629830
513	585	2641.629823
514	515	2641.629823
515	515	2641.629888
516	517	2641.629747
516	518	2641.629851
516	519	2641.629830
516	520	2641.629888
516	521	2641.629757
516	522	2641.629928
517	518	2641.629830
517	522	2641.629851
517	525	2641.629789
518	518	5283.259606
518	519	2641.629888
518	525	2641.629888
519	519	2641.629884
519	520	2641.629884
519	587	2641.629888
519	597	2641.629830
520	521	2641.629849
520	587	2641.629830
520	592	2641.629823
521	521	2641.629849
521	522	2641.629823
522	522	5283.259606
523	523	7924.889487
523	524	2641.629830
523	525	2641.629757
523	526	2641.629928
524	524	10566.519486
524	594	2641.629888
525	525	2641.629849
525	526	2641.629823
526	526	2641.629851
527	527	10566.519317
527	528	2641.629851
527	600	2641.629811
528	528	13208.149118
529	529	10566.519453
529	602	2641.629888
529	610	2641.629830
530	530	5283.259681
530	531	2641.629888
530	532	2641.629757
530	533	2641.629849
530	534	2641.629888
531	531	7924.889461
531	532	2641.629849
531	540	2641.629851
532	533	2641.629823
532	539	2641.629884
532	540	2641.629888
532	617	2641.629830
533	534	2641.629789
533	606	2641.629888
533	616	2641.629830
533	617	2641.629851
534	534	7924.889602
534	606	2641.629849
535	536	2641.629888
535	537	2641.629757
535	538	2641.629849
535	539	2641.629888
535	540	2641.629851
535	541	2641.629830
536	537	2641.629849
536	541	2641.629884
536	547	2641.629851
537	538	2641.629823
537	546	2641.629851
537	547	2641.629823
537	623	2641.629830
538	539	2641.629789
538	612	2641.629888
538	622	2641.629830
538	623	2641.629851
539	540	2641.629830
539	612	2641.629849
539	617	2641.629888
540	540	2641.629811
540	541	2641.629813
541	541	5283.259733
542	543	2641.629888
542	544	2641.629757
542	545	2641.629849
542	546	2641.629888
542	547	2641.629851
542	548	2641.629830
543	544	2641.629849
543	548	2641.629884
543	554	2641.629789
544	545	2641.629823
544	553	2641.629851
544	554	2641.629888
544	630	2641.629928
545	546	2641.629884
545	619	2641.629813
545	629	2641.629830
545	630	2641.629851
546	547	2641.629928
546	619	2641.629928
546	623	2641.629823
547	548	2641.629823
549	550	2641.629888
549	551	2641.629757
549	552	2641.629849
549	553	2641.629888
549	554	2641.629851
549	555	2641.629830
550	551	2641.629849
550	555	2641.629884
550	556	2641.629789
551	551	2641.629851
551	552	2641.629823
551	556	2641.629888
551	635	2641.629928
552	552	2641.629830
552	553	2641.629884
552	625	2641.629813
552	635	2641.629851
553	554	2641.629830
553	625	2641.629811
553	630	2641.629747
554	555	2641.629823
556	556	5283.259681
556	557	2641.629823
557	557	7924.889668
558	558	10566.519378
558	559	2641.629849
558	560	2641.629888
559	559	5283.259719
559	560	2641.629884
559	637	2641.629813
559	640	2641.629884
560	560	7924.889429
560	637	2641.629811
561	561	2641.629888
561	562	2641.629747
561	563	2641.629851
561	564	2641.629849
561	565	2641.629851
561	566	2641.629928
562	563	2641.629811
562	566	2641.629851
562	568	2641.629884
563	563	5283.259779
563	564	2641.629823
563	568	2641.629813
564	564	10566.519378
565	565	10566.519376
565	566	2641.629823
566	566	5283.259606
567	567	7924.889442
567	569	2641.629851
568	568	5283.259714
568	569	2641.629888
569	569	2641.629830
570	570	10566.519448
571	571	2641.629954
571	572	2641.629849
571	573	2641.629884
571	578	2641.629757
572	572	5283.259678
572	577	2641.629851
572	578	2641.629823
572	644	2641.629830
573	573	7924.889471
574	574	5283.259714
574	575	2641.629888
574	576	2641.629830
574	577	2641.629888
574	578	2641.629884
575	575	5283.259700
575	584	2641.629757
576	576	5283.259664
576	577	2641.629757
576	642	2641.629823
576	649	2641.629928
577	578	2641.629830
577	642	2641.629849
577	644	2641.629888
578	578	2641.629888
579	580	2641.629888
579	581	2641.629884
579	582	2641.629830
579	583	2641.629888
579	584	2641.629884
579	585	2641.629830
580	581	2641.629751
580	585	2641.629851
580	591	2641.629789
581	582	2641.629813
581	590	2641.629851
581	591	2641.629888
581	653	2641.629830
582	583	2641.629757
582	646	2641.629888
582	652	2641.629830
582	653	2641.629851
583	583	5283.259739
583	584	2641.629830
583	646	2641.629849
584	584	2641.629823
584	585	2641.629888
586	587	2641.629888
586	588	2641.629884
586	589	2641.629811
586	590	2641.629747
586	591	2641.629851
586	592	2641.629830
587	588	2641.629849
587	592	2641.629851
587	597	2641.629757
588	589	2641.629813
588	596	2641.629884
588	597	2641.629888
588	658	2641.629830
589	590	2641.629851
589	650	2641.629888
589	657	2641.629830
589	658	2641.629851
590	591	2641.629928
590	650	2641.629849
590	653	2641.629888
591	592	2641.629888
593	593	5283.259641
593	594	2641.629888
593	595	2641.629884
593	596	2641.629747
593	597	2641.629851
594	594	7924.889438
594	595	2641.629849
595	595	10566.519415
596	596	5283.259700
596	597	2641.629830
596	658	2641.629888
597	597	2641.629813
598	598	13208.149433
598	599	2641.629747
599	599	10566.519311
599	660	2641.629888
600	600	13208.149234
601	601	7924.889602
601	602	2641.629747
601	603	2641.629851
601	604	2641.629849
602	602	5283.259606
602	603	2641.629811
602	610	2641.629884
603	604	2641.629888
603	609	2641.629851
603	610	2641.629813
603	672	2641.629830
604	604	5283.259580
604	671	2641.629830
604	672	2641.629884
605	605	2641.629830
605	606	2641.629747
605	607	2641.629851
605	608	2641.629849
605	609	2641.629888
605	610	2641.629884
606	606	2641.629757
606	607	2641.629928
606	616	2641.629757
607	608	2641.629888
607	615	2641.629851
607	616	2641.629823
607	679	2641.629830
608	609	2641.629757
608	667	2641.629823
608	678	2641.629830
608	679	2641.629884
609	610	2641.629830
609	667	2641.629849
609	672	2641.629888
610	610	2641.629813
611	612	2641.629747
611	613	2641.629851
611	614	2641.629849
611	615	2641.629888
611	616	2641.629884
611	617	2641.629830
612	613	2641.629928
612	617	2641.629757
612	622	2641.629757
613	613	2641.629851
613	614	2641.629888
613	622	2641.629823
613	683	2641.629830
614	615	2641.629757
614	674	2641.629823
614	682	2641.629830
614	683	2641.629884
615	616	2641.629830
615	674	2641.629849
615	679	2641.629888
616	617	2641.629813
618	618	2641.629888
618	619	2641.629954
618	620	2641.629822
618	621	2641.629751
618	622	2641.629884
618	623	2641.629732
619	620	2641.629849
619	623	2641.629757
619	629	2641.629757
620	621	2641.629954
620	628	2641.629851
620	629	2641.629823
620	684	2641.629830
621	621	5283.259685
621	681	2641.629823
621	684	2641.629851
622	622	2641.629830
622	623	2641.629813
624	625	2641.629888
624	626	2641.629884
624	627	2641.629830
624	628	2641.629888
624	629	2641.629884
624	630	2641.629830
625	625	2641.629757
625	626	2641.629849
625	630	2641.629851
626	626	2641.629823
626	627	2641.629813
626	634	2641.629851
626	689	2641.629830
627	627	5283.259719
627	628	2641.629757
627	689	2641.629851
628	628	2641.629849
628	629	2641.629830
628	684	2641.629888
629	630	2641.629813
631	631	10566.519204
631	632	2641.629751
631	635	2641.629851
632	632	7924.889656
632	633	2641.629813
632	695	2641.629732
633	633	2641.629830
633	634	2641.629757
633	686	2641.629888
633	694	2641.629830
633	695	2641.629851
634	634	5283.259719
634	686	2641.629849
634	689	2641.629888
635	635	7924.889390
636	636	13208.149124
636	637	2641.629888
637	637	7924.889457
638	638	10566.519435
638	639	2641.629747
638	640	2641.629830
639	639	10566.519414
639	700	2641.629888
640	640	10566.519241
641	641	7924.889589
641	642	2641.629888
641	643	2641.629757
641	644	2641.629830
642	643	2641.629849
642	644	2641.629789
642	649	2641.629757
643	643	5283.259653
643	648	2641.629884
643	649	2641.629888
644	644	5283.259598
645	645	5283.259587
645	646	2641.629888
645	647	2641.629849
645	648	2641.629888
645	649	2641.629851
646	646	5283.259638
646	652	2641.629789
647	647	10566.519317
647	648	2641.629884
648	648	5283.259624
648	649	2641.629830
649	649	2641.629747
650	650	2641.629888
650	651	2641.629830
650	653	2641.629789
650	657	2641.629884
651	651	5283.259645
651	656	2641.629851
651	657	2641.629813
651	704	2641.629830
652	652	7924.889570
652	653	2641.629747
653	653	2641.629830
654	654	7924.889492
654	655	2641.629888
654	661	2641.629851
654	662	2641.629813
655	655	10566.519376
655	656	2641.629884
656	656	5283.259700
656	657	2641.629830
656	704	2641.629747
657	657	2641.629851
657	658	2641.629747
658	658	5283.259685
659	659	7924.889628
659	660	2641.629747
659	661	2641.629888
659	662	2641.629851
660	660	10566.519301
661	661	7924.889442
661	662	2641.629830
662	662	7924.889461
663	663	13208.149241
663	664	2641.629813
664	664	13208.149058
665	665	7924.889602
665	670	2641.629884
665	671	2641.629888
665	718	2641.629830
666	667	2641.629888
666	668	2641.629851
666	669	2641.629928
666	670	2641.629823
666	671	2641.629757
666	672	2641.629849
667	668	2641.629830
667	672	2641.629789
667	678	2641.629851
668	669	2641.629747
668	677	2641.629884
668	678	2641.629888
668	725	2641.629811
669	670	2641.629851
669	714	2641.629813
669	724	2641.629830
669	725	2641.629851
670	671	2641.629849
670	714	2641.629830
670	718	2641.629813
671	671	2641.629851
671	672	2641.629888
673	674	2641.629813
673	675	2641.629851
673	676	2641.629830
673	677	2641.629888
673	678	2641.629757
673	679	2641.629830
674	675	2641.629830
674	679	2641.629884
674	682	2641.629851
675	675	5283.259695
675	676	2641.629747
675	682	2641.629888
676	676	2641.629851
676	677	2641.629884
676	720	2641.629813
676	728	2641.629830
677	678	2641.629849
677	720	2641.629830
677	725	2641.629813
678	679	2641.629888
680	680	7924.889570
680	681	2641.629813
680	682	2641.629757
680	683	2641.629830
681	681	7924.889530
681	683	2641.629884
682	682	2641.629849
682	683	2641.629888
683	683	2641.629888
684	684	7924.889442
685	685	5283.259739
685	686	2641.629813
685	687	2641.629851
685	688	2641.629830
685	689	2641.629811
686	687	2641.629830
686	689	2641.629884
686	694	2641.629884
687	688	2641.629747
687	693	2641.629757
687	694	2641.629888
687	738	2641.629928
688	688	5283.259697
688	737	2641.629830
688	738	2641.629851
689	689	2641.629747
690	690	2641.629813
690	691	2641.629851
690	692	2641.629928
690	693	2641.629823
690	694	2641.629851
690	695	2641.629811
691	691	2641.629830
691	692	2641.629888
691	698	2641.629757
691	699	2641.629888
691	743	2641.629849
692	693	2641.629851
692	735	2641.629747
692	742	2641.629928
692	743	2641.629789
693	694	2641.629849
693	735	2641.629830
693	738	2641.629823
694	695	2641.629747
695	695	5283.259838
696	696	5283.259674
696	697	2641.629830
696	698	2641.629888
696	699	2641.629851
696	700	2641.629928
697	697	5283.259678
697	698	2641.629884
697	740	2641.629813
697	744	2641.629830
698	699	2641.629849
698	740	2641.629830
698	743	2641.629823
699	699	5283.259714
699	700	2641.629747
700	700	7924.889438
701	701	10566.519434
701	702	2641.629884
701	703	2641.629830
702	702	7924.889396
702	703	2641.629888
702	745	2641.629849
703	703	7924.889494
703	745	2641.629757
704	704	10566.519472
705	705	7924.889410
705	706	2641.629888
705	707	2641.629884
705	708	2641.629849
706	706	7924.889602
706	707	2641.629830
706	708	2641.629851
707	707	5283.259711
707	710	2641.629884
707	748	2641.629928
708	708	10566.519350
709	709	5283.259676
709	710	2641.629851
709	746	2641.629813
709	753	2641.629830
709	754	2641.629851
710	710	5283.259672
710	746	2641.629830
710	748	2641.629813
711	711	13208.149191
711	756	2641.629830
712	712	7924.889461
712	755	2641.629813
712	759	2641.629830
712	760	2641.629851
713	713	2641.629789
713	714	2641.629823
713	715	2641.629851
713	716	2641.629830
713	717	2641.629888
713	718	2641.629849
714	715	2641.629830
714	718	2641.629757
714	724	2641.629884
715	716	2641.629888
715	723	2641.629757
715	724	2641.629888
715	771	2641.629849
716	717	2641.629851
716	762	2641.629747
716	770	2641.629811
716	771	2641.629884
717	717	7924.889429
717	762	2641.629928
718	718	5283.259645
719	720	2641.629823
719	721	2641.629851
719	722	2641.629830
719	723	2641.629813
719	724	2641.629884
719	725	2641.629849
720	721	2641.629928
720	725	2641.629757
720	728	2641.629851
721	722	2641.629888
721	727	2641.629851
721	728	2641.629747
721	778	2641.629849
722	723	2641.629851
722	766	2641.629747
722	777	2641.629811
722	778	2641.629884
723	724	2641.629830
723	766	2641.629830
723	771	2641.629888
724	725	2641.629888
726	726	5283.259719
726	727	2641.629851
726	773	2641.629747
726	784	2641.629811
726	785	2641.629884
727	727	2641.629813
727	728	2641.629811
727	773	2641.629830
727	778	2641.629888
728	728	5283.259772
729	729	7924.889494
729	730	2641.629954
729	733	2641.629851
729	792	2641.629849
730	730	2641.629732
730	731	2641.629851
730	780	2641.629747
730	791	2641.629928
730	792	2641.629757
731	731	7924.889475
731	780	2641.629830
731	785	2641.629888
732	732	13208.149335
732	733	2641.629813
733	733	5283.259662
733	787	2641.629830
733	792	2641.629888
734	734	5283.259714
734	735	2641.629888
734	736	2641.629813
734	737	2641.629884
734	738	2641.629849
735	735	2641.629732
735	738	2641.629757
735	742	2641.629851
736	736	10566.519421
736	737	2641.629811
737	737	5283.259598
737	738	2641.629888
739	739	5283.259653
739	740	2641.629888
739	741	2641.629884
739	742	2641.629757
739	743	2641.629849
740	741	2641.629830
740	743	2641.629757
740	744	2641.629851
741	741	7924.889527
741	744	2641.629888
742	742	5283.259741
742	743	2641.629888
744	744	7924.889494
745	745	10566.519331
746	746	2641.629823
746	747	2641.629830
746	748	2641.629757
746	753	2641.629884
747	747	7924.889589
747	752	2641.629757
747	753	2641.629888
748	748	7924.889461
749	749	2641.629823
749	750	2641.629884
749	751	2641.629732
749	752	2641.629813
749	753	2641.629884
749	754	2641.629849
750	750	7924.889436
750	751	2641.629954
750	756	2641.629888
751	751	2641.629884
751	752	2641.629851
751	795	2641.629747
751	799	2641.629811
752	752	2641.629888
752	753	2641.629830
752	795	2641.629830
753	754	2641.629888
754	754	7924.889282
755	755	10566.519404
755	759	2641.629851
756	756	10566.519486
757	757	7924.889527
757	758	2641.629888
757	759	2641.629884
757	760	2641.629849
758	758	10566.519226
758	760	2641.629757
759	759	5283.259559
759	760	2641.629888
760	760	5283.259624
761	761	7924.889429
761	762	2641.629888
761	763	2641.629884
761	764	2641.629811
762	762	2641.629851
762	763	2641.629849
762	770	2641.629851
763	764	2641.629813
763	769	2641.629884
763	770	2641.629888
763	813	2641.629830
764	764	5283.259739
764	812	2641.629830
764	813	2641.629851
765	766	2641.629888
765	767	2641.629757
765	768	2641.629928
765	769	2641.629747
765	770	2641.629851
765	771	2641.629830
766	767	2641.629849
766	771	2641.629884
766	777	2641.629851
767	768	2641.629823
767	776	2641.629884
767	777	2641.629888
767	820	2641.629830
768	769	2641.629851
768	808	2641.629888
768	819	2641.629830
768	820	2641.629851
769	770	2641.629830
769	808	2641.629849
769	813	2641.629888
770	771	2641.629813
772	773	2641.629888
772	774	2641.629757
772	775	2641.629849
772	776	2641.629888
772	777	2641.629851
772	778	2641.629830
773	774	2641.629849
773	778	2641.629884
773	784	2641.629851
774	775	2641.629823
774	783	2641.629884
774	784	2641.629888
774	827	2641.629830
775	776	2641.629789
775	815	2641.629888
775	826	2641.629830
775	827	2641.629851
776	777	2641.629830
776	815	2641.629849
776	820	2641.629888
777	778	2641.629813
779	780	2641.629888
779	781	2641.629757
779	782	2641.629849
779	783	2641.629888
779	784	2641.629851
779	785	2641.629830
780	781	2641.629849
780	785	2641.629884
780	791	2641.629851
781	782	2641.629823
781	790	2641.629851
781	791	2641.629823
781	833	2641.629830
782	783	2641.629789
782	822	2641.629888
782	832	2641.629830
782	833	2641.629851
783	784	2641.629830
783	822	2641.629849
783	827	2641.629888
784	785	2641.629813
785	785	2641.629849
786	787	2641.629888
786	788	2641.629757
786	789	2641.629849
786	790	2641.629888
786	791	2641.629851
786	792	2641.629830
787	787	5283.259678
787	788	2641.629849
787	792	2641.629884
788	788	5283.259739
788	789	2641.629823
788	834	2641.629928
789	789	2641.629830
789	790	2641.629884
789	829	2641.629813
789	834	2641.629851
790	791	2641.629928
790	829	2641.629928
790	833	2641.629823
791	792	2641.629823
793	793	13208.149264
793	798	2641.629851
794	794	5283.259577
794	795	2641.629888
794	796	2641.629757
794	797	2641.629928
794	798	2641.629851
795	795	2641.629884
795	796	2641.629849
795	799	2641.629851
796	796	2641.629884
796	797	2641.629823
796	799	2641.629888
796	838	2641.629830
797	797	7924.889570
797	838	2641.629851
798	798	10566.519343
799	799	7924.889494
800	800	13208.149201
800	801	2641.629849
801	801	10566.519359
801	802	2641.629823
802	802	10566.519320
802	839	2641.629888
803	803	13208.149201
803	804	2641.629849
804	804	7924.889529
804	805	2641.629823
804	841	2641.629830
805	805	7924.889480
805	840	2641.629928
805	841	2641.629851
806	806	7924.889551
806	811	2641.629851
806	812	2641.629813
806	847	2641.629830
807	808	2641.629747
807	809	2641.629851
807	810	2641.629849
807	811	2641.629888
807	812	2641.629884
807	813	2641.629830
808	809	2641.629811
808	813	2641.629757
808	819	2641.629884
809	810	2641.629888
809	818	2641.629851
809	819	2641.629813
809	853	2641.629830
810	810	2641.629830
810	811	2641.629757
810	843	2641.629823
810	853	2641.629884
811	812	2641.629830
811	843	2641.629928
811	847	2641.629747
812	812	2641.629884
812	813	2641.629813
814	815	2641.629747
814	816	2641.629851
814	817	2641.629849
814	818	2641.629888
814	819	2641.629884
814	820	2641.629830
815	816	2641.629928
815	820	2641.629757
815	826	2641.629757
816	817	2641.629888
816	825	2641.629851
816	826	2641.629823
816	860	2641.629830
817	818	2641.629757
817	849	2641.629823
817	859	2641.629830
817	860	2641.629884
818	819	2641.629830
818	849	2641.629849
818	853	2641.629888
819	820	2641.629813
821	822	2641.629747
821	823	2641.629851
821	824	2641.629849
821	825	2641.629888
821	826	2641.629884
821	827	2641.629830
822	823	2641.629928
822	827	2641.629757
822	832	2641.629757
823	824	2641.629888
823	831	2641.629851
823	832	2641.629823
823	867	2641.629830
824	825	2641.629757
824	855	2641.629823
824	866	2641.629830
824	867	2641.629884
825	826	2641.629830
825	855	2641.629849
825	860	2641.629888
826	827	2641.629813
828	828	2641.629822
828	829	2641.629954
828	830	2641.629751
828	831	2641.629888
828	832	2641.629884
828	833	2641.629732
829	829	5283.259606
829	833	2641.629757
830	830	5283.259805
830	831	2641.629757
830	862	2641.629823
830	869	2641.629928
831	832	2641.629830
831	862	2641.629849
831	867	2641.629888
832	833	2641.629813
834	834	10566.519241
835	835	7924.889656
835	836	2641.629747
835	837	2641.629751
835	838	2641.629830
836	836	10566.519531
836	838	2641.629724
837	837	7924.889533
837	872	2641.629830
837	873	2641.629884
838	838	5283.259636
839	839	13208.149103
840	840	10566.519261
840	841	2641.629813
841	841	7924.889475
842	842	2641.629757
842	843	2641.629888
842	844	2641.629884
842	845	2641.629830
842	846	2641.629823
842	847	2641.629849
843	843	2641.629851
843	844	2641.629830
843	847	2641.629851
844	844	5283.259719
844	845	2641.629888
844	852	2641.629884
845	845	5283.259587
845	846	2641.629851
845	875	2641.629813
846	846	7924.889546
846	875	2641.629830
847	847	5283.259772
848	848	2641.629757
848	849	2641.629888
848	850	2641.629851
848	851	2641.629928
848	852	2641.629823
848	853	2641.629849
849	850	2641.629830
849	853	2641.629789
849	859	2641.629851
850	851	2641.629747
850	858	2641.629884
850	859	2641.629888
850	881	2641.629811
851	851	2641.629813
851	852	2641.629851
851	880	2641.629830
851	881	2641.629851
852	852	7924.889492
853	853	2641.629888
854	855	2641.629813
854	856	2641.629851
854	857	2641.629830
854	858	2641.629888
854	859	2641.629757
854	860	2641.629830
855	856	2641.629830
855	860	2641.629884
855	866	2641.629851
856	857	2641.629747
856	865	2641.629884
856	866	2641.629888
856	885	2641.629811
857	858	2641.629884
857	879	2641.629813
857	884	2641.629830
857	885	2641.629851
858	859	2641.629849
858	879	2641.629830
858	881	2641.629813
859	860	2641.629888
861	862	2641.629813
861	863	2641.629851
861	864	2641.629830
861	865	2641.629888
861	866	2641.629757
861	867	2641.629830
862	863	2641.629830
862	867	2641.629884
862	869	2641.629851
863	864	2641.629747
863	868	2641.629851
863	869	2641.629823
863	887	2641.629811
864	864	2641.629830
864	865	2641.629884
864	883	2641.629813
864	887	2641.629851
865	866	2641.629849
865	883	2641.629830
865	885	2641.629813
866	867	2641.629888
868	868	5283.259772
868	869	2641.629947
868	886	2641.629928
868	887	2641.629747
869	869	5283.259598
870	870	7924.889602
870	871	2641.629888
870	872	2641.629757
870	873	2641.629849
871	871	7924.889502
871	873	2641.629789
871	874	2641.629851
872	872	7924.889589
872	873	2641.629888
873	873	5283.259719
874	874	13208.149213
875	875	10566.519293
876	876	13208.149175
876	880	2641.629888
877	877	15849.779096
878	878	7924.889494
878	879	2641.629823
878	880	2641.629884
878	881	2641.629849
879	879	2641.629928
879	881	2641.629757
879	884	2641.629851
880	880	5283.259714
880	881	2641.629888
882	882	7924.889494
882	883	2641.629823
882	884	2641.629884
882	885	2641.629849
883	883	5283.259779
883	885	2641.629757
884	884	5283.259559
884	885	2641.629888
886	886	10566.519448
886	887	2641.629757
887	887	5283.259639
