species,pu,amount
1,1,21600
1,2,10800
1,3,1800
1,4,90000
1,5,25200
1,6,1800
1,7,73800
1,8,76500
1,9,6300
1,10,9000
1,11,6300
1,12,1800
1,13,47700
1,14,66600
1,15,112500
1,16,74700
1,17,67500
1,18,6300
1,19,8100
1,20,162900
1,21,193500
1,22,10800
1,23,9000
1,24,39600
1,25,144900
1,26,120600
1,27,69300
1,28,12600
1,29,9000
1,30,27900
1,31,4500
1,32,16200
1,33,41400
1,34,119700
1,35,260100
1,36,252000
1,37,240300
1,38,29700
1,39,55800
1,40,4500
1,41,27000
1,42,900
1,43,67500
1,44,133200
1,45,151200
1,46,53100
1,47,5400
1,48,27000
1,49,900
1,50,3600
1,51,6300
1,52,9000
1,53,900
1,54,900
1,55,900
1,56,31500
1,57,240300
1,58,59400
1,59,47700
1,60,260100
1,61,233100
1,62,262800
1,63,421200
1,64,383400
1,65,218700
1,66,28800
1,67,192600
1,68,225000
1,69,172800
1,70,45000
1,71,42300
1,72,20700
1,73,135000
1,74,224100
1,75,4500
1,76,900
1,77,6300
1,78,53100
1,79,2700
1,80,15300
1,81,172800
1,82,14400
1,83,17100
1,84,158400
1,85,61200
1,86,79200
1,87,67500
1,88,94500
1,89,15300
1,90,30600
1,91,140400
1,92,28800
1,93,35100
1,94,441000
1,95,545400
1,96,259200
1,97,152100
1,98,7200
1,99,1800
1,100,54900
1,101,63900
1,102,21600
1,103,4500
1,104,3600
1,105,900
1,106,72000
1,107,11700
1,108,97200
1,109,66600
1,110,7200
1,111,900
1,112,10800
1,113,28800
1,114,42300
1,115,54900
1,116,92700
1,117,7200
1,118,5400
1,119,9000
1,120,27000
1,121,495000
1,122,837900
1,123,349200
1,124,4500
1,125,20700
1,126,401400
1,127,486900
1,128,18900
1,129,10800
1,130,743400
1,131,776700
1,132,581400
1,133,43200
1,134,3600
1,135,900
1,136,900
1,137,2700
1,138,1800
1,139,1800
1,140,1800
1,141,1800
1,142,2700
1,143,18900
1,144,20700
1,145,2700
1,146,353700
1,147,118800
1,148,18000
1,149,52200
1,150,108000
1,151,208800
1,152,1540800
1,153,87300
1,154,188100
1,155,475200
1,156,732600
1,157,1692000
1,158,26100
1,159,7200
1,160,28800
1,161,162900
1,162,124200
1,163,532800
1,164,317700
1,165,1800
1,166,5400
1,167,3600
1,168,7200
1,169,900
1,170,1800
1,171,1800
1,172,900
1,173,75600
1,174,15300
1,175,3600
1,176,19800
1,177,900
1,178,15300
1,179,126900
1,180,79200
1,181,97200
1,182,17100
1,183,152100
1,184,395100
1,185,594900
1,186,19800
1,187,35100
1,188,27900
1,189,84600
1,190,45000
1,191,39600
1,192,27000
1,193,90000
1,194,117000
1,195,216000
1,196,457200
1,197,11700
1,198,18900
1,199,86400
1,200,206100
1,201,957600
1,202,114300
1,203,129600
1,204,438300
1,205,884700
1,206,240300
1,207,390600
1,208,281700
1,209,1362600
1,210,722700
1,211,498600
1,212,322200
1,213,67500
1,214,378000
1,215,15300
1,216,198900
1,217,351900
1,218,1449900
1,219,348300
1,220,1800
1,221,3600
1,222,2700
1,223,10800
1,224,50400
1,225,157500
1,226,80100
1,227,9900
1,228,9900
1,229,4500
1,230,19800
1,231,41400
1,232,24300
1,233,9000
1,234,900
1,235,900
1,236,900
1,237,2700
1,238,4500
1,239,177300
1,240,14400
1,241,202500
1,242,373500
1,243,519300
1,244,267300
1,245,434700
1,246,112500
1,247,533700
1,248,54000
1,249,162000
1,250,93600
1,251,77400
1,252,223200
1,253,467100
1,254,305100
1,255,42300
1,256,81000
1,257,500400
1,258,152100
1,259,1096200
1,260,356400
1,261,39600
1,262,621000
1,263,667800
1,264,378900
1,265,232200
1,266,205200
1,267,324900
1,268,468000
1,269,169200
1,270,143100
1,271,380700
1,272,585900
1,273,628200
1,274,278100
1,275,358200
1,276,928800
1,277,1174500
1,278,628200
1,279,1263600
1,280,162900
1,281,623700
1,282,584100
1,283,857700
1,284,252000
1,285,281700
1,286,358200
1,287,249300
1,288,924300
1,289,189000
1,290,88200
1,291,22500
1,292,386100
1,293,14400
1,294,124200
1,295,62100
1,296,123300
1,297,34200
1,298,304200
1,299,45900
1,300,1800
1,301,6300
1,302,2700
1,303,20700
1,304,37800
1,305,39600
1,306,162900
1,307,404100
1,308,268200
1,309,73800
1,310,9900
1,311,900
1,312,22500
1,313,55800
1,314,70200
1,315,240300
1,316,2700
1,317,560700
1,318,124200
1,319,143100
1,320,92700
1,321,59400
1,322,293400
1,323,471600
1,324,5400
1,325,8100
1,326,22500
1,327,79200
1,328,2700
1,329,96300
1,330,45000
1,331,243900
1,332,73800
1,333,251100
1,334,289800
1,335,34200
1,336,1800
1,337,26100
1,338,868500
1,339,206100
1,340,756900
1,341,265500
1,342,249300
1,343,94500
1,344,344700
1,345,306900
1,346,62100
1,347,349200
1,348,225000
1,349,312300
1,350,377100
1,351,292500
1,352,844200
1,353,54000
1,354,362700
1,355,126900
1,356,379800
1,357,417600
1,358,23400
1,359,518400
1,360,68400
1,361,505800
1,362,6300
1,363,96300
1,364,634500
1,365,1721700
1,366,83700
1,367,405000
1,368,152100
1,369,7200
1,370,3600
1,371,175500
1,372,14400
1,373,18000
1,374,7200
1,375,900
1,376,2700
1,377,87300
1,378,36900
1,379,900
1,380,54000
1,381,154800
1,382,18900
1,383,17100
1,384,77400
1,385,34200
1,386,65700
1,387,40500
1,388,148500
1,389,88200
1,390,43200
1,391,16200
1,392,72900
1,393,142200
1,394,513000
1,395,31500
1,396,8100
1,397,454500
1,398,290700
1,399,415800
1,400,68400
1,401,117000
1,402,118800
1,403,22500
1,404,900
1,405,18000
1,406,213300
1,407,89100
1,408,26100
1,409,77400
1,410,4500
1,411,28800
1,412,103500
1,413,19800
1,414,6300
1,415,11700
1,416,3600
1,417,26100
1,418,900
1,419,13500
1,420,2700
1,421,37800
1,422,93600
1,423,900
1,424,19800
1,425,319500
1,426,271800
1,427,57600
1,428,517500
1,429,458100
1,430,46800
1,431,2700
1,432,63000
1,433,3600
1,434,29700
1,435,1671300
1,436,413100
1,437,14400
1,438,1800
1,439,59400
1,440,43200
1,441,74700
1,442,16200
1,443,240300
1,444,53100
1,445,464400
1,446,900
1,447,900
1,448,2700
1,449,1800
1,450,45900
1,451,105300
1,452,18900
1,453,102600
1,454,5400
1,455,2700
1,456,30600
1,457,89100
1,458,419400
1,459,252900
1,460,132300
1,461,30600
1,462,73800
1,463,204300
1,464,12600
1,465,57600
1,466,16200
1,467,63900
1,468,16200
1,469,126900
1,470,126000
1,471,900
1,472,14400
1,473,900
1,474,2700
1,475,1800
1,476,1800
1,477,12600
1,478,44100
1,479,2700
1,480,5400
1,481,6300
1,482,7200
1,483,1800
1,484,6300
1,485,35100
1,486,1800
1,487,101700
1,488,9000
1,489,46800
1,490,13500
1,491,7200
1,492,1800
1,493,900
1,494,3600
1,495,1800
1,496,2700
1,497,77400
1,498,2700
1,499,18900
1,500,4500
1,501,2700
1,502,18000
1,503,9000
1,504,45000
1,505,28800
1,506,900
1,507,18900
1,508,503100
1,509,45000
1,510,17100
1,511,900
1,512,69300
1,513,21600
1,514,27900
1,515,61200
1,516,15300
1,517,12600
1,518,7200
1,519,1800
1,520,4500
1,521,57600
1,522,10800
1,523,900
1,524,5400
1,525,1800
1,526,3600
1,528,900
1,529,900
1,530,35100
1,531,7200
1,532,322200
1,533,40500
1,534,900
1,535,44100
1,536,65700
1,537,158400
1,538,223200
1,539,190800
1,540,47700
1,541,64800
1,542,4500
1,543,126000
1,544,5400
1,545,11700
1,546,56700
1,547,12600
1,548,19800
1,549,18000
1,550,3600
1,551,12600
1,552,14400
1,553,3600
1,554,44100
1,555,87300
1,556,2700
1,557,1800
1,558,900
1,559,900
1,560,900
1,561,1800
1,562,25200
1,563,14400
1,564,122400
1,565,6300
1,566,1800
1,567,900
1,568,900
1,569,900
1,570,21600
1,571,7200
1,572,15300
1,573,8100
1,574,7200
1,575,7200
1,576,20700
1,577,127800
1,578,26100
1,579,8100
1,580,22500
1,581,15300
1,582,21600
1,583,8100
1,584,900
1,585,72000
1,586,87300
1,587,11700
1,588,8100
1,589,39600
1,590,2700
1,591,40500
1,592,17100
1,594,4500
1,595,1800
1,596,5400
1,597,2700
1,598,4500
1,599,1800
1,600,900
1,601,39600
1,602,23400
1,603,387000
1,604,9900
1,605,223200
1,606,272700
1,607,64800
1,608,10800
1,609,44100
1,610,111600
1,611,50400
1,612,96300
1,613,23400
1,614,35100
1,615,96300
1,616,301500
1,617,114300
1,618,26100
1,619,11700
1,620,11700
1,621,900
1,622,26100
1,623,216900
1,624,20700
1,625,1800
1,626,10800
1,627,90900
1,628,90900
1,629,52200
1,630,1800
1,631,7200
1,632,900
1,633,19800
1,634,900
1,635,10800
1,636,18000
1,637,2700
1,638,4500
1,639,5400
1,640,1800
1,641,5400
1,642,22500
1,643,103500
1,644,1800
1,645,5400
1,646,1800
1,647,79200
1,648,4500
1,649,16200
1,650,10800
1,651,11700
1,652,1800
1,653,900
1,654,39600
1,655,18000
1,656,27900
1,657,6300
1,658,34200
1,659,6300
1,660,900
1,661,36900
1,662,1800
1,663,2700
1,664,1800
1,665,3600
1,666,38700
1,667,40500
1,668,18000
1,669,12600
1,670,6300
1,671,1800
1,672,14400
1,673,19800
1,674,29700
1,675,900
1,676,13500
1,677,11700
1,678,7200
1,679,9900
1,680,11700
1,681,3600
1,682,8100
1,683,900
1,684,2700
1,685,5400
1,686,28800
1,687,2700
1,688,11700
1,689,26100
1,690,12600
1,691,10800
1,692,12600
1,693,6300
1,694,46800
1,695,63900
1,696,45900
1,697,9900
1,698,42300
1,699,54900
1,700,24300
1,701,42300
1,702,38700
1,703,40500
1,704,3600
1,705,9000
1,707,7200
1,708,3600
1,709,13500
1,710,5400
1,711,1800
1,712,900
1,713,10800
1,714,88200
1,715,19800
1,716,39600
1,717,10800
1,718,14400
1,719,76500
1,720,19800
1,721,8100
1,722,71100
1,723,43200
1,724,42300
1,725,16200
1,726,173700
1,727,135000
1,728,43200
1,729,13500
1,730,27000
1,731,92700
1,732,6300
1,733,2700
1,734,36900
1,735,23400
1,736,7200
1,737,900
1,738,37800
1,739,900
1,740,17100
1,741,1800
1,742,4500
1,743,45000
1,744,1800
1,745,2700
1,746,16200
1,747,11700
1,748,4500
1,749,11700
1,750,900
1,751,21600
1,752,2700
1,753,12600
1,754,17100
1,755,900
1,756,900
1,757,1800
1,758,900
1,759,1800
1,760,900
1,761,8100
1,762,56700
1,763,80100
1,764,9900
1,765,34200
1,766,120600
1,767,240300
1,768,37800
1,769,27900
1,770,15300
1,771,23400
1,772,184500
1,773,54000
1,774,81900
1,775,33300
1,776,137700
1,777,116100
1,778,282600
1,779,143100
1,780,201600
1,781,3600
1,782,6300
1,783,102600
1,784,101700
1,785,144900
1,786,19800
1,787,900
1,788,32400
1,789,46800
1,790,27900
1,791,94500
1,792,9000
1,793,29700
1,794,2700
1,795,13500
1,796,31500
1,797,900
1,798,10800
1,799,8100
1,800,900
1,801,3600
1,802,900
1,803,1800
1,804,1800
1,805,1800
1,806,1800
1,807,900
1,808,26100
1,809,35100
1,810,58500
1,811,5400
1,812,900
1,813,18000
1,814,23400
1,815,82800
1,816,15300
1,817,24300
1,818,58500
1,819,118800
1,820,120600
1,821,80100
1,822,900
1,823,4500
1,824,26100
1,825,117900
1,826,63900
1,827,171900
1,828,31500
1,829,55800
1,830,4500
1,831,46800
1,832,1800
1,833,14400
1,834,12600
1,835,18900
1,836,2700
1,837,1800
1,838,3600
1,839,1800
1,840,1800
1,841,900
1,842,21600
1,843,2700
1,844,3600
1,845,15300
1,846,3600
1,847,72900
1,848,20700
1,849,56700
1,850,123300
1,851,33300
1,852,12600
1,853,63000
1,854,81900
1,855,39600
1,856,17100
1,857,1800
1,858,223200
1,859,72000
1,860,27000
1,861,78300
1,862,9000
1,863,12600
1,864,36900
1,865,19800
1,866,79200
1,867,36900
1,868,11700
1,869,5400
1,870,900
1,871,1800
1,872,12600
1,873,2700
1,874,900
1,875,2700
1,876,900
1,877,1800
1,878,4500
1,879,7200
1,880,900
1,881,26100
1,882,7200
1,883,14400
1,884,2700
1,885,42300
1,886,900
1,887,8100
