id1	id2	boundary
1	1	10566.519324
1	327	2641.629851
1	328	2641.629888
2	3	2641.629747
2	4	2641.629851
2	5	2641.629830
2	6	2641.629813
2	7	2641.629884
2	8	2641.629830
3	3	5283.259719
3	4	2641.629928
3	8	2641.629851
3	10	2641.629757
4	5	2641.629888
4	9	2641.629851
4	10	2641.629747
4	20	2641.629849
5	6	2641.629851
5	12	2641.629747
5	19	2641.629811
5	20	2641.629884
6	7	2641.629928
6	12	2641.629830
6	17	2641.629888
6	338	2641.629724
7	8	2641.629888
7	329	2641.629849
7	337	2641.629789
7	338	2641.629823
8	8	2641.629813
8	328	2641.629811
8	329	2641.629851
9	9	7924.889494
9	10	2641.629811
9	20	2641.629888
10	10	7924.889621
11	12	2641.629954
11	13	2641.629757
11	14	2641.629928
11	15	2641.629747
11	16	2641.629851
11	17	2641.629732
12	13	2641.629849
12	17	2641.629917
12	19	2641.629851
13	14	2641.629823
13	18	2641.629884
13	19	2641.629888
13	22	2641.629830
14	15	2641.629851
14	21	2641.629830
14	22	2641.629851
14	357	2641.629888
15	16	2641.629830
15	346	2641.629884
15	357	2641.629849
15	362	2641.629888
16	17	2641.629813
16	339	2641.629811
16	345	2641.629851
16	346	2641.629888
17	338	2641.629849
17	339	2641.629884
18	18	7924.889527
18	19	2641.629830
18	22	2641.629888
19	19	2641.629851
19	20	2641.629813
20	20	5283.259714
21	21	5283.259812
21	22	2641.629813
21	357	2641.629884
21	358	2641.629747
22	22	5283.259587
23	23	5283.259645
23	24	2641.629928
23	399	2641.629818
23	402	2641.629849
23	407	2641.629888
24	24	5283.259772
24	393	2641.629849
24	398	2641.629884
24	399	2641.629747
25	25	5283.259678
25	26	2641.629849
25	28	2641.629849
25	32	2641.629888
25	403	2641.629789
26	26	7924.889475
26	402	2641.629851
26	403	2641.629888
27	27	2641.629851
27	28	2641.629823
27	29	2641.629830
27	30	2641.629813
27	31	2641.629884
27	32	2641.629849
28	28	7924.889668
28	32	2641.629757
29	29	5283.259772
29	30	2641.629851
29	36	2641.629811
29	412	2641.629747
30	31	2641.629928
30	409	2641.629724
30	412	2641.629830
30	417	2641.629888
31	32	2641.629888
31	404	2641.629830
31	408	2641.629884
31	409	2641.629823
32	403	2641.629830
32	404	2641.629851
33	33	7924.889475
33	34	2641.629849
33	35	2641.629888
33	36	2641.629851
34	34	2641.629823
34	35	2641.629789
34	38	2641.629888
34	47	2641.629849
34	48	2641.629757
35	36	2641.629830
35	38	2641.629830
35	43	2641.629813
35	413	2641.629884
36	36	2641.629813
36	412	2641.629851
36	413	2641.629888
37	38	2641.629747
37	39	2641.629851
37	40	2641.629849
37	41	2641.629888
37	42	2641.629884
37	43	2641.629830
38	39	2641.629928
38	43	2641.629851
38	47	2641.629757
39	40	2641.629888
39	46	2641.629851
39	47	2641.629823
39	55	2641.629830
40	41	2641.629757
40	54	2641.629830
40	55	2641.629884
40	421	2641.629823
41	42	2641.629928
41	419	2641.629818
41	421	2641.629849
41	424	2641.629888
42	43	2641.629888
42	414	2641.629849
42	418	2641.629884
42	419	2641.629747
43	413	2641.629830
43	414	2641.629757
44	44	5283.259678
44	45	2641.629849
44	46	2641.629888
44	47	2641.629884
44	48	2641.629830
45	45	5283.259739
45	46	2641.629757
45	50	2641.629823
45	58	2641.629928
46	47	2641.629830
46	50	2641.629849
46	55	2641.629888
47	48	2641.629888
48	48	7924.889494
49	50	2641.629813
49	51	2641.629851
49	52	2641.629830
49	53	2641.629888
49	54	2641.629757
49	55	2641.629830
50	51	2641.629830
50	55	2641.629884
50	58	2641.629851
51	52	2641.629747
51	57	2641.629789
51	58	2641.629888
51	65	2641.629830
52	53	2641.629789
52	64	2641.629830
52	65	2641.629851
52	426	2641.629888
53	54	2641.629849
53	422	2641.629789
53	426	2641.629849
53	430	2641.629888
54	55	2641.629888
54	421	2641.629851
54	422	2641.629888
56	56	10566.519259
56	57	2641.629884
56	60	2641.629813
57	57	2641.629888
57	58	2641.629849
57	60	2641.629830
57	65	2641.629888
58	58	5283.259598
59	60	2641.629888
59	61	2641.629884
59	62	2641.629830
59	63	2641.629813
59	64	2641.629884
59	65	2641.629849
60	60	2641.629851
60	61	2641.629830
60	65	2641.629757
61	61	5283.259598
61	62	2641.629888
61	76	2641.629849
62	63	2641.629851
62	67	2641.629747
62	75	2641.629928
62	76	2641.629757
63	64	2641.629811
63	67	2641.629830
63	72	2641.629888
63	427	2641.629851
64	65	2641.629888
64	426	2641.629851
64	427	2641.629747
66	67	2641.629888
66	68	2641.629757
66	69	2641.629830
66	70	2641.629813
66	71	2641.629851
66	72	2641.629830
67	68	2641.629849
67	72	2641.629884
67	75	2641.629851
68	69	2641.629747
68	74	2641.629884
68	75	2641.629888
68	82	2641.629811
69	70	2641.629884
69	81	2641.629849
69	82	2641.629851
69	436	2641.629888
70	71	2641.629830
70	433	2641.629884
70	436	2641.629830
70	441	2641.629813
71	72	2641.629813
71	428	2641.629811
71	432	2641.629851
71	433	2641.629888
72	427	2641.629849
72	428	2641.629884
73	73	7924.889475
73	74	2641.629813
73	75	2641.629851
73	76	2641.629830
74	74	2641.629884
74	75	2641.629830
74	78	2641.629830
74	82	2641.629813
75	76	2641.629823
76	76	5283.259772
77	77	2641.629789
77	78	2641.629888
77	79	2641.629849
77	80	2641.629888
77	81	2641.629884
77	82	2641.629830
78	78	7924.889494
78	82	2641.629851
79	79	5283.259739
79	80	2641.629757
79	84	2641.629823
79	92	2641.629928
80	81	2641.629830
80	84	2641.629849
80	89	2641.629888
80	437	2641.629851
81	82	2641.629888
81	436	2641.629757
81	437	2641.629823
83	84	2641.629813
83	85	2641.629757
83	86	2641.629849
83	87	2641.629888
83	88	2641.629757
83	89	2641.629830
84	85	2641.629830
84	89	2641.629884
84	92	2641.629851
85	86	2641.629823
85	91	2641.629884
85	92	2641.629813
85	98	2641.629830
86	87	2641.629789
86	97	2641.629830
86	98	2641.629851
86	448	2641.629888
87	88	2641.629830
87	443	2641.629884
87	448	2641.629849
87	453	2641.629888
88	89	2641.629888
88	438	2641.629830
88	442	2641.629851
88	443	2641.629813
89	437	2641.629830
89	438	2641.629884
90	90	10566.519353
90	91	2641.629884
90	94	2641.629813
91	91	2641.629888
91	92	2641.629830
91	94	2641.629830
91	98	2641.629888
92	92	5283.259598
93	93	2641.629884
93	94	2641.629888
93	95	2641.629830
93	96	2641.629813
93	97	2641.629884
93	98	2641.629849
94	94	5283.259681
94	98	2641.629757
95	95	2641.629888
95	96	2641.629851
95	100	2641.629747
95	108	2641.629928
95	109	2641.629757
96	97	2641.629811
96	100	2641.629830
96	105	2641.629888
96	449	2641.629851
97	98	2641.629888
97	448	2641.629851
97	449	2641.629747
99	100	2641.629813
99	101	2641.629851
99	102	2641.629830
99	103	2641.629888
99	104	2641.629757
99	105	2641.629830
100	101	2641.629830
100	105	2641.629884
100	108	2641.629851
101	102	2641.629747
101	107	2641.629884
101	108	2641.629888
101	116	2641.629811
102	103	2641.629884
102	115	2641.629849
102	116	2641.629851
102	465	2641.629888
103	104	2641.629849
103	456	2641.629884
103	465	2641.629830
103	470	2641.629813
104	105	2641.629813
104	450	2641.629811
104	455	2641.629851
104	456	2641.629888
105	449	2641.629849
105	450	2641.629884
106	106	7924.889494
106	107	2641.629888
106	108	2641.629757
106	109	2641.629830
107	107	2641.629884
107	108	2641.629849
107	111	2641.629830
107	116	2641.629813
108	109	2641.629823
109	109	7924.889621
110	111	2641.629888
110	112	2641.629789
110	113	2641.629849
110	114	2641.629888
110	115	2641.629884
110	116	2641.629830
111	111	5283.259645
111	112	2641.629849
111	116	2641.629851
112	112	7924.889504
112	113	2641.629888
113	113	2641.629851
113	114	2641.629757
113	118	2641.629823
113	124	2641.629928
114	115	2641.629830
114	118	2641.629849
114	123	2641.629888
114	466	2641.629851
115	116	2641.629888
115	465	2641.629757
115	466	2641.629823
117	118	2641.629813
117	119	2641.629757
117	120	2641.629849
117	121	2641.629888
117	122	2641.629757
117	123	2641.629830
118	119	2641.629830
118	123	2641.629884
118	124	2641.629851
119	119	2641.629884
119	120	2641.629823
119	124	2641.629813
119	126	2641.629830
120	121	2641.629789
120	125	2641.629830
120	126	2641.629851
120	489	2641.629888
121	122	2641.629830
121	475	2641.629884
121	489	2641.629849
121	494	2641.629888
122	123	2641.629888
122	467	2641.629830
122	474	2641.629851
122	475	2641.629813
123	466	2641.629830
123	467	2641.629884
124	124	7924.889429
125	125	5283.259695
125	126	2641.629888
125	489	2641.629851
125	490	2641.629747
126	126	7924.889494
127	127	10566.519415
127	128	2641.629830
127	130	2641.629884
128	128	5283.259645
128	129	2641.629851
128	130	2641.629813
128	137	2641.629830
129	129	5283.259772
129	130	2641.629830
129	132	2641.629811
129	137	2641.629747
130	130	7924.889429
131	132	2641.629888
131	133	2641.629884
131	134	2641.629830
131	135	2641.629823
131	136	2641.629757
131	137	2641.629849
132	132	5283.259664
132	133	2641.629830
132	137	2641.629851
133	133	2641.629888
133	134	2641.629888
133	138	2641.629789
133	145	2641.629849
134	135	2641.629851
134	139	2641.629813
134	144	2641.629830
134	145	2641.629757
135	135	5283.259739
135	136	2641.629928
135	139	2641.629830
136	136	7924.889429
136	137	2641.629888
137	137	2641.629884
138	138	7924.889523
138	142	2641.629928
138	145	2641.629823
139	139	5283.259697
139	140	2641.629830
139	144	2641.629884
140	140	5283.259739
140	143	2641.629757
140	144	2641.629888
140	152	2641.629849
141	141	5283.259616
141	142	2641.629823
141	143	2641.629888
141	144	2641.629851
141	145	2641.629928
142	142	7924.889527
142	145	2641.629724
143	143	2641.629884
143	144	2641.629849
143	147	2641.629830
143	152	2641.629823
144	145	2641.629747
146	147	2641.629888
146	148	2641.629884
146	149	2641.629811
146	150	2641.629747
146	151	2641.629851
146	152	2641.629830
147	147	5283.259645
147	148	2641.629849
147	152	2641.629851
148	148	7924.889602
148	149	2641.629813
149	149	2641.629851
149	150	2641.629851
149	153	2641.629888
149	156	2641.629830
150	150	5283.259739
150	151	2641.629928
150	153	2641.629849
151	151	7924.889429
151	152	2641.629888
152	152	2641.629789
153	153	5283.259678
153	154	2641.629830
153	156	2641.629884
154	154	5283.259645
154	155	2641.629851
154	156	2641.629813
154	163	2641.629830
155	155	7924.889583
155	156	2641.629830
155	163	2641.629747
156	156	5283.259598
157	157	7924.889429
157	158	2641.629888
157	159	2641.629884
157	160	2641.629830
158	158	7924.889475
158	159	2641.629830
158	162	2641.629851
159	160	2641.629823
159	161	2641.629851
159	162	2641.629747
159	174	2641.629947
160	160	2641.629851
160	165	2641.629813
160	173	2641.629830
160	174	2641.629724
161	161	5283.259674
161	162	2641.629928
161	169	2641.629830
161	174	2641.629888
162	162	5283.259587
162	163	2641.629888
163	163	7924.889584
164	164	7924.889551
164	165	2641.629813
164	166	2641.629851
164	167	2641.629830
165	165	5283.259714
165	166	2641.629830
165	173	2641.629884
166	167	2641.629888
166	172	2641.629757
166	173	2641.629888
166	184	2641.629849
167	167	2641.629884
167	175	2641.629888
167	183	2641.629849
167	184	2641.629789
168	169	2641.629813
168	170	2641.629851
168	171	2641.629830
168	172	2641.629954
168	173	2641.629884
168	174	2641.629811
169	169	5283.259697
169	170	2641.629830
169	174	2641.629884
170	170	5283.259645
170	171	2641.629888
170	191	2641.629849
171	172	2641.629884
171	179	2641.629888
171	190	2641.629849
171	191	2641.629789
172	173	2641.629751
172	179	2641.629830
172	184	2641.629823
173	174	2641.629747
175	175	7924.889570
175	176	2641.629849
175	183	2641.629757
176	176	2641.629884
176	177	2641.629813
176	182	2641.629851
176	183	2641.629823
176	199	2641.629830
177	177	7924.889475
177	198	2641.629849
177	199	2641.629757
178	179	2641.629888
178	180	2641.629884
178	181	2641.629811
178	182	2641.629747
178	183	2641.629851
178	184	2641.629830
179	180	2641.629849
179	184	2641.629851
179	190	2641.629757
180	181	2641.629747
180	189	2641.629851
180	190	2641.629823
180	204	2641.629928
181	182	2641.629851
181	194	2641.629888
181	203	2641.629849
181	204	2641.629724
182	183	2641.629928
182	194	2641.629830
182	199	2641.629813
183	184	2641.629888
185	186	2641.629888
185	187	2641.629884
185	188	2641.629811
185	189	2641.629747
185	190	2641.629851
185	191	2641.629830
186	186	7924.889475
186	187	2641.629849
186	191	2641.629851
187	187	7924.889602
187	188	2641.629813
188	188	5283.259606
188	189	2641.629851
188	201	2641.629888
189	190	2641.629928
189	201	2641.629830
189	204	2641.629813
190	191	2641.629888
191	191	2641.629823
192	192	7924.889429
192	197	2641.629851
192	198	2641.629888
192	209	2641.629928
193	194	2641.629888
193	195	2641.629757
193	196	2641.629849
193	197	2641.629888
193	198	2641.629851
193	199	2641.629830
194	195	2641.629830
194	199	2641.629884
194	203	2641.629884
195	196	2641.629888
195	202	2641.629851
195	203	2641.629813
195	212	2641.629830
196	197	2641.629884
196	206	2641.629813
196	211	2641.629830
196	212	2641.629884
197	198	2641.629830
197	206	2641.629811
197	209	2641.629747
198	198	2641.629789
198	199	2641.629823
200	200	5283.259606
200	201	2641.629888
200	202	2641.629954
200	203	2641.629884
200	204	2641.629830
201	201	5283.259714
201	204	2641.629884
202	202	5283.259695
202	203	2641.629732
202	212	2641.629747
203	204	2641.629823
205	205	5283.259697
205	206	2641.629888
205	207	2641.629884
205	208	2641.629830
205	209	2641.629849
206	207	2641.629830
206	209	2641.629851
206	211	2641.629851
207	208	2641.629813
207	210	2641.629851
207	211	2641.629747
207	222	2641.629830
208	208	2641.629757
208	214	2641.629888
208	221	2641.629830
208	222	2641.629851
209	209	5283.259739
210	210	7924.889429
210	211	2641.629928
210	222	2641.629888
211	211	2641.629757
211	212	2641.629888
212	212	5283.259700
213	213	5283.259662
213	214	2641.629813
213	215	2641.629851
213	216	2641.629830
213	217	2641.629888
214	214	5283.259733
214	215	2641.629830
214	221	2641.629884
215	216	2641.629747
215	220	2641.629757
215	221	2641.629888
215	227	2641.629928
216	216	2641.629849
216	217	2641.629884
216	223	2641.629888
216	227	2641.629851
217	217	7924.889546
217	223	2641.629830
218	218	5283.259664
218	219	2641.629830
218	220	2641.629888
218	221	2641.629851
218	222	2641.629811
219	219	10566.519415
219	220	2641.629884
220	220	2641.629830
220	221	2641.629849
220	227	2641.629823
221	222	2641.629747
222	222	2641.629884
223	223	10566.519345
224	224	7924.889562
224	225	2641.629830
224	226	2641.629813
224	227	2641.629830
225	225	5283.259645
225	226	2641.629851
225	229	2641.629888
225	234	2641.629849
226	226	7924.889475
226	229	2641.629830
227	227	5283.259739
228	228	5283.259681
228	229	2641.629888
228	230	2641.629757
228	231	2641.629849
228	232	2641.629888
229	229	2641.629884
229	230	2641.629849
229	234	2641.629789
230	231	2641.629823
230	233	2641.629851
230	234	2641.629888
230	247	2641.629928
231	232	2641.629884
231	236	2641.629813
231	246	2641.629830
231	247	2641.629851
232	232	5283.259714
232	236	2641.629830
232	240	2641.629888
233	233	5283.259772
233	234	2641.629830
233	242	2641.629811
233	247	2641.629747
234	234	5283.259674
235	235	2641.629884
235	236	2641.629888
235	237	2641.629884
235	238	2641.629928
235	239	2641.629747
235	240	2641.629849
236	237	2641.629830
236	240	2641.629757
236	246	2641.629851
237	238	2641.629813
237	245	2641.629851
237	246	2641.629747
237	261	2641.629830
238	239	2641.629724
238	249	2641.629823
238	260	2641.629928
238	261	2641.629851
239	239	5283.259662
239	249	2641.629849
239	254	2641.629888
240	240	7924.889570
241	242	2641.629888
241	243	2641.629884
241	244	2641.629830
241	245	2641.629813
241	246	2641.629884
241	247	2641.629849
242	242	5283.259664
242	243	2641.629830
242	247	2641.629851
243	243	5283.259598
243	244	2641.629813
243	264	2641.629830
244	245	2641.629757
244	256	2641.629888
244	263	2641.629830
244	264	2641.629851
245	246	2641.629811
245	256	2641.629849
245	261	2641.629888
246	247	2641.629888
248	249	2641.629813
248	250	2641.629851
248	251	2641.629830
248	252	2641.629888
248	253	2641.629851
248	254	2641.629811
249	250	2641.629732
249	254	2641.629884
249	260	2641.629884
250	251	2641.629747
250	259	2641.629884
250	260	2641.629954
250	281	2641.629811
251	252	2641.629884
251	270	2641.629888
251	280	2641.629849
251	281	2641.629851
252	252	2641.629884
252	253	2641.629849
252	270	2641.629830
252	275	2641.629813
253	253	7924.889668
253	254	2641.629747
254	254	5283.259681
255	256	2641.629813
255	257	2641.629851
255	258	2641.629830
255	259	2641.629888
255	260	2641.629851
255	261	2641.629811
256	257	2641.629830
256	261	2641.629884
256	263	2641.629884
257	258	2641.629747
257	262	2641.629757
257	263	2641.629888
257	283	2641.629928
258	259	2641.629884
258	277	2641.629888
258	282	2641.629849
258	283	2641.629851
259	260	2641.629849
259	277	2641.629830
259	281	2641.629813
260	261	2641.629747
262	262	7924.889602
262	263	2641.629849
262	283	2641.629823
263	263	2641.629851
263	264	2641.629747
264	264	7924.889583
265	265	7924.889461
265	266	2641.629851
265	267	2641.629830
265	268	2641.629813
266	266	2641.629928
266	267	2641.629888
266	273	2641.629757
266	274	2641.629823
266	293	2641.629849
267	268	2641.629851
267	284	2641.629747
267	292	2641.629811
267	293	2641.629884
268	268	7924.889541
268	284	2641.629830
269	270	2641.629888
269	271	2641.629789
269	272	2641.629830
269	273	2641.629813
269	274	2641.629884
269	275	2641.629830
270	271	2641.629849
270	275	2641.629851
270	280	2641.629757
271	272	2641.629888
271	279	2641.629757
271	280	2641.629823
271	298	2641.629849
272	273	2641.629851
272	288	2641.629747
272	297	2641.629928
272	298	2641.629757
273	274	2641.629830
273	288	2641.629830
273	293	2641.629888
274	274	5283.259606
274	275	2641.629888
275	275	5283.259662
276	276	2641.629928
276	277	2641.629888
276	278	2641.629789
276	279	2641.629747
276	280	2641.629884
276	281	2641.629830
277	278	2641.629849
277	281	2641.629851
277	282	2641.629757
278	278	7924.889494
278	282	2641.629823
279	279	5283.259649
279	280	2641.629830
279	298	2641.629888
280	281	2641.629888
282	282	5283.259714
282	283	2641.629888
283	283	5283.259681
284	284	5283.259870
284	285	2641.629849
284	292	2641.629851
285	285	2641.629757
285	286	2641.629823
285	291	2641.629884
285	292	2641.629888
285	305	2641.629830
286	286	5283.259779
286	304	2641.629830
286	305	2641.629851
286	872	2641.629888
287	288	2641.629888
287	289	2641.629757
287	290	2641.629849
287	291	2641.629888
287	292	2641.629851
287	293	2641.629830
288	289	2641.629849
288	293	2641.629884
288	297	2641.629851
289	290	2641.629823
289	296	2641.629884
289	297	2641.629888
289	308	2641.629830
290	291	2641.629789
290	300	2641.629888
290	307	2641.629830
290	308	2641.629851
291	292	2641.629830
291	300	2641.629849
291	305	2641.629888
292	293	2641.629813
294	294	5283.259645
294	295	2641.629849
294	296	2641.629888
294	297	2641.629851
294	298	2641.629830
295	295	10566.519317
295	296	2641.629884
296	296	2641.629830
296	297	2641.629830
296	308	2641.629888
297	298	2641.629823
298	298	2641.629884
299	300	2641.629823
299	301	2641.629757
299	302	2641.629849
299	303	2641.629888
299	304	2641.629789
299	305	2641.629849
300	301	2641.629928
300	305	2641.629757
300	307	2641.629851
301	302	2641.629888
301	306	2641.629851
301	307	2641.629747
301	320	2641.629830
302	303	2641.629757
302	310	2641.629823
302	319	2641.629830
302	320	2641.629884
303	304	2641.629928
303	310	2641.629849
303	315	2641.629888
303	873	2641.629818
304	305	2641.629888
304	872	2641.629884
304	873	2641.629747
306	306	5283.259645
306	307	2641.629830
306	317	2641.629849
306	320	2641.629888
307	307	2641.629789
307	308	2641.629888
308	308	5283.259606
309	310	2641.629954
309	311	2641.629851
309	312	2641.629928
309	313	2641.629823
309	314	2641.629757
309	315	2641.629751
310	311	2641.629830
310	315	2641.629822
310	319	2641.629851
311	312	2641.629747
311	318	2641.629884
311	319	2641.629888
311	322	2641.629811
312	313	2641.629851
312	321	2641.629849
312	322	2641.629851
312	877	2641.629888
313	314	2641.629849
313	874	2641.629884
313	877	2641.629830
313	882	2641.629813
314	314	5283.259681
314	315	2641.629888
314	874	2641.629888
315	315	2641.629884
315	873	2641.629830
316	316	5283.259681
316	317	2641.629813
316	318	2641.629888
316	319	2641.629757
316	320	2641.629830
317	317	7924.889504
317	320	2641.629884
318	318	5283.259714
318	319	2641.629849
318	322	2641.629813
319	320	2641.629888
321	321	5283.259812
321	322	2641.629888
321	877	2641.629789
321	878	2641.629823
322	322	5283.259681
323	323	10566.519336
323	324	2641.629830
323	884	2641.629884
324	324	5283.259664
324	879	2641.629811
324	883	2641.629851
324	884	2641.629888
325	325	7924.889573
325	327	2641.629849
325	332	2641.629888
325	886	2641.629818
326	327	2641.629954
326	328	2641.629851
326	329	2641.629928
326	330	2641.629823
326	331	2641.629757
326	332	2641.629751
327	327	2641.629823
327	328	2641.629830
327	332	2641.629822
328	328	2641.629884
328	329	2641.629747
329	330	2641.629851
329	337	2641.629888
330	331	2641.629849
330	337	2641.629830
330	342	2641.629813
330	892	2641.629884
331	332	2641.629888
331	887	2641.629830
331	891	2641.629851
331	892	2641.629888
332	886	2641.629830
332	887	2641.629884
333	333	5283.259598
333	334	2641.629830
333	341	2641.629789
333	893	2641.629888
333	894	2641.629830
334	334	2641.629851
334	335	2641.629888
334	340	2641.629757
334	341	2641.629888
334	350	2641.629849
335	335	7924.889429
335	349	2641.629811
335	350	2641.629884
336	337	2641.629747
336	338	2641.629851
336	339	2641.629830
336	340	2641.629888
336	341	2641.629789
336	342	2641.629830
337	338	2641.629830
337	342	2641.629851
338	339	2641.629888
339	340	2641.629851
339	345	2641.629747
340	341	2641.629849
340	345	2641.629928
340	350	2641.629823
341	342	2641.629888
341	893	2641.629849
342	892	2641.629830
342	893	2641.629757
343	343	7924.889546
343	348	2641.629884
343	349	2641.629888
343	355	2641.629830
344	345	2641.629888
344	346	2641.629884
344	347	2641.629811
344	348	2641.629747
344	349	2641.629851
344	350	2641.629830
345	346	2641.629849
345	350	2641.629851
346	347	2641.629813
346	362	2641.629830
347	348	2641.629851
347	352	2641.629888
347	361	2641.629830
347	362	2641.629851
348	349	2641.629830
348	352	2641.629849
348	355	2641.629888
349	349	2641.629851
349	350	2641.629813
351	351	5283.259772
351	352	2641.629747
351	353	2641.629851
351	354	2641.629849
351	355	2641.629830
352	353	2641.629811
352	355	2641.629757
352	361	2641.629884
353	354	2641.629888
353	360	2641.629851
353	361	2641.629813
353	371	2641.629830
354	354	2641.629757
354	363	2641.629823
354	370	2641.629830
354	371	2641.629884
355	355	5283.259664
356	357	2641.629747
356	358	2641.629851
356	359	2641.629849
356	360	2641.629888
356	361	2641.629884
356	362	2641.629830
357	358	2641.629811
357	362	2641.629757
358	358	2641.629818
358	359	2641.629888
358	375	2641.629830
359	360	2641.629757
359	366	2641.629823
359	374	2641.629830
359	375	2641.629884
360	361	2641.629830
360	366	2641.629928
360	371	2641.629747
361	362	2641.629813
363	363	7924.889668
363	364	2641.629830
363	370	2641.629851
364	364	5283.259772
364	369	2641.629884
364	370	2641.629888
364	380	2641.629830
365	366	2641.629888
365	367	2641.629884
365	368	2641.629830
365	369	2641.629823
365	370	2641.629757
365	371	2641.629849
366	367	2641.629830
366	371	2641.629851
366	374	2641.629851
367	368	2641.629888
367	373	2641.629884
367	374	2641.629888
367	387	2641.629830
368	369	2641.629851
368	377	2641.629813
368	386	2641.629830
368	387	2641.629757
369	370	2641.629849
369	377	2641.629830
369	380	2641.629813
370	371	2641.629888
372	372	7924.889733
372	373	2641.629823
372	374	2641.629757
372	375	2641.629751
373	373	2641.629851
373	374	2641.629849
373	382	2641.629830
373	387	2641.629813
374	375	2641.629888
375	375	5283.259710
376	376	5283.259678
376	377	2641.629823
376	378	2641.629851
376	379	2641.629830
376	380	2641.629849
377	378	2641.629830
377	380	2641.629757
377	386	2641.629884
378	379	2641.629888
378	385	2641.629757
378	386	2641.629888
378	391	2641.629849
379	379	7924.889410
379	391	2641.629884
380	380	5283.259645
381	382	2641.629823
381	383	2641.629851
381	384	2641.629830
381	385	2641.629888
381	386	2641.629789
381	387	2641.629849
382	382	5283.259697
382	383	2641.629830
382	387	2641.629757
383	383	5283.259547
383	384	2641.629888
383	396	2641.629849
384	385	2641.629851
384	389	2641.629747
384	395	2641.629811
384	396	2641.629884
385	386	2641.629849
385	389	2641.629928
385	391	2641.629823
386	387	2641.629888
388	388	7924.889410
388	389	2641.629888
388	390	2641.629884
388	391	2641.629830
389	390	2641.629849
389	391	2641.629851
389	395	2641.629851
390	390	2641.629813
390	394	2641.629884
390	395	2641.629888
390	400	2641.629830
391	391	2641.629813
392	392	5283.259710
392	393	2641.629928
392	394	2641.629747
392	395	2641.629851
392	396	2641.629732
393	393	5283.259580
393	394	2641.629851
393	398	2641.629888
394	395	2641.629830
394	398	2641.629830
394	400	2641.629813
395	396	2641.629813
396	396	5283.259805
397	397	7924.889621
397	398	2641.629747
397	399	2641.629851
397	400	2641.629830
398	399	2641.629811
398	400	2641.629851
399	399	2641.629888
399	407	2641.629830
400	400	5283.259645
401	402	2641.629954
401	403	2641.629851
401	404	2641.629928
401	405	2641.629823
401	406	2641.629757
401	407	2641.629751
402	402	2641.629823
402	403	2641.629830
402	407	2641.629822
403	404	2641.629747
404	405	2641.629757
404	408	2641.629888
405	405	5283.259678
405	406	2641.629849
405	408	2641.629849
406	406	7924.889570
406	407	2641.629888
407	407	2641.629884
408	408	5283.259580
408	409	2641.629830
409	409	2641.629851
409	410	2641.629888
409	417	2641.629849
410	410	7924.889429
410	416	2641.629811
410	417	2641.629884
411	412	2641.629954
411	413	2641.629757
411	414	2641.629928
411	415	2641.629747
411	416	2641.629851
411	417	2641.629732
412	413	2641.629849
412	417	2641.629917
413	414	2641.629823
414	415	2641.629851
414	418	2641.629888
415	415	5283.259697
415	416	2641.629830
415	418	2641.629830
416	416	5283.259739
416	417	2641.629813
418	418	5283.259598
418	419	2641.629811
419	419	5283.259739
419	424	2641.629830
420	420	5283.259580
420	421	2641.629954
420	422	2641.629851
420	423	2641.629928
420	424	2641.629751
421	422	2641.629830
421	424	2641.629822
422	423	2641.629747
422	430	2641.629830
423	423	5283.259645
423	429	2641.629830
423	430	2641.629851
424	424	5283.259772
425	425	2641.629813
425	426	2641.629823
425	427	2641.629851
425	428	2641.629830
425	429	2641.629884
425	430	2641.629849
426	427	2641.629928
426	430	2641.629757
427	428	2641.629888
428	428	2641.629851
428	432	2641.629747
429	429	7924.889635
429	430	2641.629888
431	431	7924.889330
431	432	2641.629954
431	433	2641.629757
431	434	2641.629928
432	432	5283.259747
432	433	2641.629849
433	434	2641.629747
433	441	2641.629811
434	434	5283.259739
434	440	2641.629849
434	441	2641.629851
435	436	2641.629747
435	437	2641.629851
435	438	2641.629849
435	439	2641.629888
435	440	2641.629884
435	441	2641.629830
436	437	2641.629928
436	441	2641.629851
437	438	2641.629888
438	439	2641.629757
438	442	2641.629823
439	439	5283.259707
439	440	2641.629928
439	442	2641.629849
440	440	5283.259631
440	441	2641.629888
442	442	5283.259776
442	443	2641.629830
443	443	2641.629757
443	444	2641.629823
443	453	2641.629830
444	444	7924.889668
444	452	2641.629830
444	453	2641.629851
445	445	5283.259681
445	446	2641.629888
445	451	2641.629724
445	452	2641.629823
445	460	2641.629849
446	446	7924.889429
446	459	2641.629811
446	460	2641.629884
447	448	2641.629823
447	449	2641.629851
447	450	2641.629830
447	451	2641.629813
447	452	2641.629884
447	453	2641.629849
448	449	2641.629928
448	453	2641.629757
449	450	2641.629888
450	451	2641.629851
450	455	2641.629747
451	452	2641.629928
451	455	2641.629830
451	460	2641.629888
452	452	2641.629884
452	453	2641.629888
454	455	2641.629878
454	456	2641.629851
454	457	2641.629928
454	458	2641.629823
454	459	2641.629757
454	460	2641.629732
455	456	2641.629830
455	460	2641.629917
456	457	2641.629747
456	470	2641.629811
457	458	2641.629851
457	461	2641.629888
457	469	2641.629849
457	470	2641.629851
458	458	5283.259697
458	459	2641.629849
458	461	2641.629830
459	459	5283.259739
459	460	2641.629813
461	461	5283.259598
461	462	2641.629811
461	469	2641.629884
462	462	2641.629851
462	463	2641.629888
462	468	2641.629818
462	469	2641.629747
462	479	2641.629830
463	463	5283.259606
463	471	2641.629823
463	478	2641.629830
463	479	2641.629884
464	465	2641.629747
464	466	2641.629851
464	467	2641.629849
464	468	2641.629888
464	469	2641.629884
464	470	2641.629830
465	466	2641.629928
465	470	2641.629851
466	467	2641.629888
467	468	2641.629757
467	474	2641.629823
468	469	2641.629928
468	474	2641.629849
468	479	2641.629888
469	470	2641.629888
471	471	7924.889668
471	472	2641.629830
471	478	2641.629851
472	472	5283.259697
472	477	2641.629884
472	478	2641.629813
472	487	2641.629830
473	474	2641.629954
473	475	2641.629757
473	476	2641.629928
473	477	2641.629747
473	478	2641.629757
473	479	2641.629751
474	475	2641.629830
474	479	2641.629822
475	476	2641.629823
475	494	2641.629830
476	477	2641.629851
476	482	2641.629888
476	493	2641.629830
476	494	2641.629851
477	478	2641.629830
477	482	2641.629849
477	487	2641.629888
478	479	2641.629888
480	480	7924.889570
480	485	2641.629757
480	486	2641.629888
480	503	2641.629849
481	482	2641.629823
481	483	2641.629851
481	484	2641.629830
481	485	2641.629888
481	486	2641.629789
481	487	2641.629849
482	483	2641.629830
482	487	2641.629757
482	493	2641.629884
483	484	2641.629888
483	492	2641.629724
483	493	2641.629823
483	510	2641.629849
484	485	2641.629851
484	498	2641.629747
484	509	2641.629811
484	510	2641.629884
485	486	2641.629849
485	498	2641.629928
485	503	2641.629823
486	486	5283.259714
486	487	2641.629888
487	487	2641.629851
488	489	2641.629823
488	490	2641.629851
488	491	2641.629830
488	492	2641.629813
488	493	2641.629884
488	494	2641.629849
489	490	2641.629928
489	494	2641.629757
490	490	5283.259700
490	491	2641.629888
491	491	2641.629884
491	492	2641.629851
491	505	2641.629747
491	512	2641.629811
492	493	2641.629928
492	505	2641.629830
492	510	2641.629888
493	494	2641.629888
495	495	5283.259714
495	496	2641.629888
495	501	2641.629884
495	502	2641.629888
495	521	2641.629830
496	496	7924.889570
496	520	2641.629849
496	521	2641.629757
497	498	2641.629813
497	499	2641.629884
497	500	2641.629830
497	501	2641.629823
497	502	2641.629757
497	503	2641.629830
498	499	2641.629830
498	503	2641.629851
498	509	2641.629851
499	500	2641.629888
499	508	2641.629884
499	509	2641.629888
499	528	2641.629830
500	501	2641.629851
500	516	2641.629888
500	527	2641.629849
500	528	2641.629757
501	502	2641.629849
501	516	2641.629830
501	521	2641.629813
502	502	5283.259662
502	503	2641.629813
503	503	2641.629884
504	505	2641.629878
504	506	2641.629851
504	507	2641.629928
504	508	2641.629823
504	509	2641.629757
504	510	2641.629732
505	506	2641.629830
505	510	2641.629917
505	512	2641.629851
506	507	2641.629747
506	511	2641.629884
506	512	2641.629888
506	533	2641.629811
507	508	2641.629851
507	523	2641.629888
507	532	2641.629849
507	533	2641.629851
508	509	2641.629849
508	523	2641.629830
508	528	2641.629813
509	510	2641.629813
511	511	7924.889602
511	512	2641.629849
511	533	2641.629813
512	512	5283.259569
513	513	5283.259662
513	514	2641.629888
513	519	2641.629851
513	520	2641.629813
513	541	2641.629830
514	514	7924.889546
514	540	2641.629830
514	541	2641.629884
515	516	2641.629747
515	517	2641.629851
515	518	2641.629849
515	519	2641.629888
515	520	2641.629884
515	521	2641.629830
516	517	2641.629811
516	521	2641.629851
516	527	2641.629884
517	518	2641.629888
517	526	2641.629851
517	527	2641.629813
517	548	2641.629830
518	519	2641.629757
518	536	2641.629823
518	547	2641.629830
518	548	2641.629884
519	520	2641.629830
519	536	2641.629928
519	541	2641.629747
520	520	2641.629884
520	521	2641.629888
522	523	2641.629747
522	524	2641.629851
522	525	2641.629849
522	526	2641.629888
522	527	2641.629884
522	528	2641.629830
523	524	2641.629811
523	528	2641.629851
523	532	2641.629884
524	525	2641.629888
524	531	2641.629818
524	532	2641.629747
524	555	2641.629830
525	526	2641.629757
525	543	2641.629823
525	554	2641.629830
525	555	2641.629884
526	527	2641.629830
526	543	2641.629928
526	548	2641.629747
527	528	2641.629888
529	529	5283.259598
529	530	2641.629849
529	531	2641.629888
529	532	2641.629884
529	533	2641.629830
530	530	5283.259772
530	531	2641.629757
530	550	2641.629823
530	556	2641.629830
531	532	2641.629928
531	550	2641.629849
531	555	2641.629888
532	533	2641.629888
533	533	2641.629851
534	534	7924.889480
534	539	2641.629884
534	540	2641.629888
534	564	2641.629928
535	536	2641.629888
535	537	2641.629884
535	538	2641.629811
535	539	2641.629747
535	540	2641.629851
535	541	2641.629830
536	537	2641.629849
536	541	2641.629851
536	547	2641.629757
537	538	2641.629813
537	546	2641.629884
537	547	2641.629888
537	571	2641.629830
538	539	2641.629851
538	559	2641.629888
538	570	2641.629830
538	571	2641.629851
539	540	2641.629830
539	559	2641.629849
539	564	2641.629888
540	540	2641.629757
540	541	2641.629813
542	543	2641.629888
542	544	2641.629884
542	545	2641.629811
542	546	2641.629747
542	547	2641.629851
542	548	2641.629830
543	544	2641.629849
543	548	2641.629851
543	554	2641.629757
544	545	2641.629813
544	553	2641.629884
544	554	2641.629888
544	573	2641.629830
545	546	2641.629851
545	566	2641.629888
545	572	2641.629830
545	573	2641.629851
546	547	2641.629830
546	566	2641.629849
546	571	2641.629888
547	548	2641.629813
549	550	2641.629954
549	551	2641.629757
549	552	2641.629928
549	553	2641.629747
549	554	2641.629851
549	555	2641.629732
550	551	2641.629849
550	555	2641.629822
550	556	2641.629757
551	551	5283.259714
551	552	2641.629823
551	556	2641.629888
552	552	7924.889570
552	553	2641.629851
553	553	2641.629849
553	554	2641.629830
553	573	2641.629888
554	555	2641.629813
556	556	7924.889494
557	557	7924.889570
557	562	2641.629757
557	563	2641.629888
557	584	2641.629849
558	559	2641.629823
558	560	2641.629851
558	561	2641.629830
558	562	2641.629954
558	563	2641.629884
558	564	2641.629928
559	560	2641.629830
559	564	2641.629757
559	570	2641.629884
560	561	2641.629888
560	569	2641.629757
560	570	2641.629888
560	591	2641.629849
561	562	2641.629884
561	579	2641.629813
561	590	2641.629830
561	591	2641.629789
562	563	2641.629751
562	579	2641.629830
562	584	2641.629823
563	563	5283.259714
563	564	2641.629747
564	564	2641.629818
565	566	2641.629823
565	567	2641.629851
565	568	2641.629830
565	569	2641.629888
565	570	2641.629789
565	571	2641.629849
566	567	2641.629830
566	571	2641.629757
566	572	2641.629884
567	567	5283.259606
567	568	2641.629888
567	572	2641.629888
568	568	2641.629789
568	569	2641.629851
568	586	2641.629747
568	592	2641.629830
569	570	2641.629849
569	586	2641.629928
569	591	2641.629823
570	571	2641.629888
572	572	5283.259638
572	573	2641.629888
573	573	5283.259606
574	574	7924.889527
574	575	2641.629884
574	576	2641.629830
574	577	2641.629888
575	575	2641.629830
575	576	2641.629888
575	582	2641.629851
575	583	2641.629747
575	606	2641.629849
576	577	2641.629851
576	594	2641.629888
576	605	2641.629849
576	606	2641.629757
577	577	5283.259681
577	594	2641.629830
577	599	2641.629888
578	579	2641.629888
578	580	2641.629884
578	581	2641.629830
578	582	2641.629823
578	583	2641.629757
578	584	2641.629849
579	580	2641.629830
579	584	2641.629757
579	590	2641.629851
580	581	2641.629823
580	589	2641.629789
580	590	2641.629888
580	613	2641.629947
581	582	2641.629851
581	601	2641.629888
581	612	2641.629849
581	613	2641.629724
582	583	2641.629928
582	601	2641.629830
582	606	2641.629888
583	583	5283.259681
583	584	2641.629888
584	584	2641.629789
585	586	2641.629888
585	587	2641.629884
585	588	2641.629830
585	589	2641.629823
585	590	2641.629757
585	591	2641.629849
586	587	2641.629830
586	591	2641.629757
586	592	2641.629851
587	587	2641.629884
587	588	2641.629888
587	592	2641.629888
587	618	2641.629830
588	589	2641.629851
588	608	2641.629888
588	617	2641.629849
588	618	2641.629757
589	590	2641.629849
589	608	2641.629830
589	613	2641.629888
590	591	2641.629888
592	592	7924.889494
593	594	2641.629888
593	595	2641.629757
593	596	2641.629849
593	597	2641.629888
593	598	2641.629851
593	599	2641.629830
594	595	2641.629830
594	599	2641.629884
594	605	2641.629884
595	596	2641.629823
595	604	2641.629851
595	605	2641.629813
595	631	2641.629928
596	597	2641.629789
596	620	2641.629888
596	630	2641.629849
596	631	2641.629757
597	597	2641.629851
597	598	2641.629830
597	620	2641.629830
597	624	2641.629747
598	598	7924.889625
598	599	2641.629823
599	599	5283.259606
600	601	2641.629888
600	602	2641.629757
600	603	2641.629849
600	604	2641.629888
600	605	2641.629851
600	606	2641.629830
601	602	2641.629830
601	606	2641.629884
601	612	2641.629884
602	603	2641.629888
602	611	2641.629851
602	612	2641.629813
602	638	2641.629830
603	604	2641.629789
603	626	2641.629888
603	637	2641.629849
603	638	2641.629789
604	605	2641.629830
604	626	2641.629830
604	631	2641.629747
605	606	2641.629823
607	608	2641.629747
607	609	2641.629851
607	610	2641.629849
607	611	2641.629954
607	612	2641.629884
607	613	2641.629928
608	609	2641.629811
608	613	2641.629851
608	617	2641.629884
609	610	2641.629888
609	616	2641.629851
609	617	2641.629813
609	645	2641.629830
610	611	2641.629789
610	633	2641.629888
610	644	2641.629830
610	645	2641.629884
611	612	2641.629732
611	633	2641.629830
611	638	2641.629747
612	613	2641.629823
614	614	5283.259598
614	615	2641.629849
614	616	2641.629888
614	617	2641.629884
614	618	2641.629830
615	615	7924.889583
615	616	2641.629757
615	640	2641.629747
616	617	2641.629830
616	640	2641.629928
616	645	2641.629747
617	618	2641.629888
618	618	5283.259664
619	619	2641.629884
619	620	2641.629888
619	621	2641.629884
619	622	2641.629928
619	623	2641.629823
619	624	2641.629830
620	621	2641.629849
620	624	2641.629851
620	630	2641.629757
621	622	2641.629813
621	629	2641.629851
621	630	2641.629823
621	658	2641.629830
622	623	2641.629724
622	647	2641.629888
622	657	2641.629830
622	658	2641.629851
623	623	5283.259681
623	647	2641.629849
623	651	2641.629888
624	624	7924.889573
625	626	2641.629888
625	627	2641.629884
625	628	2641.629811
625	629	2641.629813
625	630	2641.629884
625	631	2641.629830
626	627	2641.629849
626	631	2641.629851
626	637	2641.629757
627	628	2641.629813
627	636	2641.629851
627	637	2641.629823
627	665	2641.629830
628	629	2641.629851
628	653	2641.629888
628	664	2641.629830
628	665	2641.629851
629	630	2641.629830
629	653	2641.629849
629	658	2641.629888
630	631	2641.629888
632	633	2641.629888
632	634	2641.629884
632	635	2641.629811
632	636	2641.629747
632	637	2641.629851
632	638	2641.629830
633	634	2641.629849
633	638	2641.629851
633	644	2641.629757
634	635	2641.629747
634	643	2641.629884
634	644	2641.629888
634	672	2641.629928
635	636	2641.629851
635	660	2641.629888
635	671	2641.629830
635	672	2641.629818
636	637	2641.629928
636	660	2641.629849
636	665	2641.629888
637	638	2641.629888
639	640	2641.629888
639	641	2641.629884
639	642	2641.629811
639	643	2641.629747
639	644	2641.629851
639	645	2641.629830
640	640	2641.629851
640	641	2641.629849
640	645	2641.629851
641	641	7924.889602
641	642	2641.629813
642	642	2641.629851
642	643	2641.629851
642	667	2641.629888
642	674	2641.629830
643	644	2641.629830
643	667	2641.629849
643	672	2641.629888
644	645	2641.629813
646	646	2641.629851
646	647	2641.629813
646	648	2641.629851
646	649	2641.629830
646	650	2641.629888
646	651	2641.629811
647	648	2641.629732
647	651	2641.629884
647	657	2641.629917
648	649	2641.629747
648	656	2641.629757
648	657	2641.629954
648	684	2641.629928
649	650	2641.629884
649	675	2641.629813
649	683	2641.629830
649	684	2641.629851
650	650	7924.889546
650	675	2641.629830
651	651	7924.889429
652	653	2641.629813
652	654	2641.629851
652	655	2641.629830
652	656	2641.629888
652	657	2641.629851
652	658	2641.629811
653	654	2641.629830
653	658	2641.629884
653	664	2641.629884
654	655	2641.629823
654	663	2641.629757
654	664	2641.629888
654	691	2641.629947
655	656	2641.629884
655	679	2641.629813
655	690	2641.629830
655	691	2641.629757
656	657	2641.629849
656	679	2641.629830
656	684	2641.629823
657	658	2641.629747
659	660	2641.629813
659	661	2641.629851
659	662	2641.629830
659	663	2641.629888
659	664	2641.629851
659	665	2641.629811
660	661	2641.629830
660	665	2641.629884
660	671	2641.629884
661	662	2641.629888
661	670	2641.629757
661	671	2641.629888
661	698	2641.629849
662	663	2641.629884
662	686	2641.629813
662	697	2641.629830
662	698	2641.629789
663	664	2641.629849
663	686	2641.629830
663	691	2641.629823
664	665	2641.629747
666	667	2641.629823
666	668	2641.629851
666	669	2641.629830
666	670	2641.629954
666	671	2641.629884
666	672	2641.629928
667	668	2641.629830
667	672	2641.629757
667	674	2641.629884
668	669	2641.629888
668	673	2641.629757
668	674	2641.629888
668	701	2641.629849
669	670	2641.629884
669	693	2641.629813
669	700	2641.629830
669	701	2641.629789
670	671	2641.629751
670	693	2641.629830
670	698	2641.629823
671	672	2641.629747
673	673	7924.889668
673	674	2641.629849
673	701	2641.629823
674	674	5283.259678
675	675	5283.259645
675	676	2641.629830
675	683	2641.629851
676	676	2641.629884
676	677	2641.629888
676	682	2641.629851
676	683	2641.629747
676	708	2641.629849
677	677	7924.889429
677	707	2641.629928
677	708	2641.629757
678	679	2641.629888
678	680	2641.629884
678	681	2641.629928
678	682	2641.629747
678	683	2641.629884
678	684	2641.629849
679	680	2641.629830
679	684	2641.629757
679	690	2641.629851
680	681	2641.629888
680	689	2641.629851
680	690	2641.629747
680	715	2641.629849
681	682	2641.629818
681	703	2641.629888
681	714	2641.629849
681	715	2641.629757
682	683	2641.629811
682	703	2641.629830
682	708	2641.629888
683	684	2641.629888
685	686	2641.629888
685	687	2641.629884
685	688	2641.629830
685	689	2641.629888
685	690	2641.629789
685	691	2641.629849
686	687	2641.629830
686	691	2641.629757
686	697	2641.629851
687	688	2641.629888
687	696	2641.629851
687	697	2641.629747
687	722	2641.629849
688	689	2641.629851
688	710	2641.629888
688	721	2641.629849
688	722	2641.629757
689	690	2641.629830
689	710	2641.629830
689	715	2641.629888
690	691	2641.629888
692	693	2641.629888
692	694	2641.629884
692	695	2641.629830
692	696	2641.629823
692	697	2641.629757
692	698	2641.629849
693	694	2641.629830
693	698	2641.629757
693	700	2641.629851
694	695	2641.629823
694	699	2641.629789
694	700	2641.629888
694	729	2641.629947
695	696	2641.629851
695	717	2641.629888
695	728	2641.629849
695	729	2641.629724
696	697	2641.629928
696	717	2641.629830
696	722	2641.629888
697	698	2641.629888
699	699	5283.259674
699	700	2641.629849
699	724	2641.629830
699	729	2641.629888
700	700	2641.629757
700	701	2641.629888
701	701	5283.259606
702	703	2641.629888
702	704	2641.629757
702	705	2641.629849
702	706	2641.629888
702	707	2641.629851
702	708	2641.629830
703	704	2641.629751
703	708	2641.629884
703	714	2641.629822
704	705	2641.629823
704	713	2641.629851
704	714	2641.629954
704	744	2641.629928
705	706	2641.629789
705	732	2641.629888
705	743	2641.629849
705	744	2641.629757
706	706	2641.629884
706	707	2641.629830
706	732	2641.629830
706	737	2641.629813
707	707	5283.259739
707	708	2641.629823
709	710	2641.629888
709	711	2641.629757
709	712	2641.629849
709	713	2641.629888
709	714	2641.629851
709	715	2641.629830
710	711	2641.629830
710	715	2641.629884
710	721	2641.629884
711	712	2641.629823
711	720	2641.629851
711	721	2641.629813
711	751	2641.629928
712	713	2641.629789
712	739	2641.629888
712	750	2641.629849
712	751	2641.629757
713	714	2641.629830
713	739	2641.629830
713	744	2641.629747
714	715	2641.629823
716	717	2641.629888
716	718	2641.629757
716	719	2641.629849
716	720	2641.629888
716	721	2641.629851
716	722	2641.629830
717	718	2641.629830
717	722	2641.629884
717	728	2641.629884
718	719	2641.629888
718	727	2641.629851
718	728	2641.629813
718	758	2641.629830
719	720	2641.629789
719	746	2641.629888
719	757	2641.629849
719	758	2641.629789
720	721	2641.629830
720	746	2641.629830
720	751	2641.629747
721	722	2641.629823
723	724	2641.629747
723	725	2641.629851
723	726	2641.629849
723	727	2641.629954
723	728	2641.629884
723	729	2641.629928
724	724	5283.259772
724	725	2641.629811
724	729	2641.629851
725	725	5283.259664
725	726	2641.629888
725	762	2641.629830
726	727	2641.629789
726	753	2641.629888
726	761	2641.629830
726	762	2641.629884
727	728	2641.629732
727	753	2641.629830
727	758	2641.629747
728	729	2641.629823
730	730	7924.889429
730	735	2641.629851
730	736	2641.629888
730	771	2641.629830
731	732	2641.629888
731	733	2641.629789
731	734	2641.629849
731	735	2641.629888
731	736	2641.629884
731	737	2641.629830
732	733	2641.629849
732	737	2641.629851
732	743	2641.629757
733	734	2641.629888
733	742	2641.629851
733	743	2641.629823
733	778	2641.629830
734	735	2641.629757
734	766	2641.629823
734	777	2641.629928
734	778	2641.629851
735	736	2641.629830
735	766	2641.629849
735	771	2641.629888
736	736	5283.259638
736	737	2641.629888
737	737	5283.259587
738	739	2641.629888
738	740	2641.629884
738	741	2641.629928
738	742	2641.629823
738	743	2641.629884
738	744	2641.629830
739	740	2641.629849
739	744	2641.629851
739	750	2641.629757
740	741	2641.629813
740	749	2641.629851
740	750	2641.629823
740	785	2641.629830
741	742	2641.629724
741	773	2641.629888
741	784	2641.629830
741	785	2641.629851
742	743	2641.629830
742	773	2641.629849
742	778	2641.629888
743	744	2641.629888
745	746	2641.629888
745	747	2641.629884
745	748	2641.629811
745	749	2641.629813
745	750	2641.629884
745	751	2641.629830
746	747	2641.629849
746	751	2641.629851
746	757	2641.629757
747	748	2641.629813
747	756	2641.629851
747	757	2641.629823
747	792	2641.629830
748	749	2641.629851
748	780	2641.629888
748	791	2641.629830
748	792	2641.629851
749	750	2641.629830
749	780	2641.629849
749	785	2641.629888
750	751	2641.629888
752	753	2641.629888
752	754	2641.629884
752	755	2641.629811
752	756	2641.629747
752	757	2641.629851
752	758	2641.629830
753	754	2641.629849
753	758	2641.629851
753	761	2641.629757
754	755	2641.629747
754	760	2641.629884
754	761	2641.629888
754	798	2641.629928
755	756	2641.629851
755	787	2641.629888
755	797	2641.629830
755	798	2641.629818
756	757	2641.629928
756	787	2641.629849
756	792	2641.629888
757	758	2641.629888
759	759	7924.889583
759	760	2641.629747
759	761	2641.629851
759	762	2641.629830
760	760	2641.629851
760	761	2641.629830
760	794	2641.629849
760	798	2641.629888
761	762	2641.629813
762	762	5283.259598
763	763	5283.259681
763	764	2641.629747
763	769	2641.629789
763	770	2641.629888
763	807	2641.629830
764	764	5283.259619
764	799	2641.629888
764	806	2641.629830
764	807	2641.629851
765	766	2641.629813
765	767	2641.629851
765	768	2641.629928
765	769	2641.629823
765	770	2641.629851
765	771	2641.629811
766	767	2641.629830
766	771	2641.629884
766	777	2641.629851
767	768	2641.629747
767	776	2641.629789
767	777	2641.629888
767	814	2641.629830
768	769	2641.629851
768	802	2641.629813
768	813	2641.629830
768	814	2641.629851
769	770	2641.629849
769	802	2641.629830
769	807	2641.629888
770	770	5283.259779
770	771	2641.629747
771	771	2641.629851
772	773	2641.629813
772	774	2641.629851
772	775	2641.629830
772	776	2641.629888
772	777	2641.629851
772	778	2641.629811
773	774	2641.629732
773	778	2641.629884
773	784	2641.629917
774	775	2641.629747
774	783	2641.629757
774	784	2641.629954
774	821	2641.629928
775	776	2641.629884
775	809	2641.629813
775	820	2641.629830
775	821	2641.629851
776	777	2641.629849
776	809	2641.629830
776	814	2641.629888
777	778	2641.629747
779	780	2641.629813
779	781	2641.629851
779	782	2641.629830
779	783	2641.629888
779	784	2641.629851
779	785	2641.629811
780	781	2641.629830
780	785	2641.629884
780	791	2641.629884
781	782	2641.629747
781	790	2641.629757
781	791	2641.629888
781	826	2641.629928
782	783	2641.629884
782	816	2641.629813
782	825	2641.629830
782	826	2641.629851
783	784	2641.629849
783	816	2641.629811
783	821	2641.629747
784	785	2641.629747
786	787	2641.629813
786	788	2641.629851
786	789	2641.629830
786	790	2641.629888
786	791	2641.629851
786	792	2641.629811
787	788	2641.629830
787	792	2641.629884
787	797	2641.629884
788	788	2641.629757
788	789	2641.629813
788	797	2641.629888
788	828	2641.629830
789	790	2641.629884
789	823	2641.629813
789	827	2641.629830
789	828	2641.629884
790	791	2641.629849
790	823	2641.629811
790	826	2641.629747
791	792	2641.629747
793	793	2641.629954
793	794	2641.629823
793	795	2641.629851
793	796	2641.629830
793	797	2641.629884
793	798	2641.629928
794	794	5283.259772
794	795	2641.629830
794	798	2641.629757
795	795	5283.259645
795	796	2641.629813
795	830	2641.629830
796	796	5283.259697
796	829	2641.629830
796	830	2641.629884
797	797	2641.629751
797	798	2641.629747
799	799	7924.889429
799	800	2641.629928
799	806	2641.629851
800	800	5283.259739
800	805	2641.629851
800	806	2641.629747
800	839	2641.629849
801	802	2641.629888
801	803	2641.629884
801	804	2641.629830
801	805	2641.629813
801	806	2641.629884
801	807	2641.629849
802	803	2641.629732
802	807	2641.629757
802	813	2641.629884
803	804	2641.629888
803	812	2641.629851
803	813	2641.629813
803	846	2641.629849
804	805	2641.629851
804	834	2641.629747
804	845	2641.629928
804	846	2641.629757
805	806	2641.629811
805	834	2641.629830
805	839	2641.629888
806	807	2641.629888
808	809	2641.629888
808	810	2641.629884
808	811	2641.629830
808	812	2641.629813
808	813	2641.629884
808	814	2641.629849
809	810	2641.629830
809	814	2641.629757
809	820	2641.629851
810	811	2641.629888
810	819	2641.629851
810	820	2641.629747
810	851	2641.629849
811	812	2641.629851
811	841	2641.629747
811	850	2641.629928
811	851	2641.629757
812	813	2641.629811
812	841	2641.629830
812	846	2641.629888
813	814	2641.629888
815	816	2641.629888
815	817	2641.629884
815	818	2641.629928
815	819	2641.629747
815	820	2641.629884
815	821	2641.629849
816	817	2641.629830
816	821	2641.629851
816	825	2641.629851
817	818	2641.629888
817	824	2641.629851
817	825	2641.629747
817	853	2641.629849
818	819	2641.629818
818	848	2641.629888
818	852	2641.629849
818	853	2641.629757
819	820	2641.629811
819	848	2641.629830
819	851	2641.629888
820	821	2641.629888
822	822	5283.259714
822	823	2641.629888
822	824	2641.629888
822	825	2641.629789
822	826	2641.629849
823	823	2641.629830
823	826	2641.629851
823	827	2641.629851
824	824	5283.259681
824	825	2641.629830
824	853	2641.629888
825	826	2641.629888
827	827	7924.889432
827	828	2641.629888
828	828	7924.889447
829	829	10566.519345
829	830	2641.629888
830	830	7924.889447
831	831	5283.259606
831	832	2641.629747
831	837	2641.629884
831	838	2641.629888
831	863	2641.629811
832	832	5283.259779
832	855	2641.629888
832	862	2641.629849
832	863	2641.629851
833	834	2641.629888
833	835	2641.629757
833	836	2641.629830
833	837	2641.629813
833	838	2641.629851
833	839	2641.629830
834	835	2641.629849
834	839	2641.629884
834	845	2641.629851
835	836	2641.629747
835	844	2641.629884
835	845	2641.629888
835	867	2641.629811
836	837	2641.629884
836	859	2641.629888
836	866	2641.629849
836	867	2641.629851
837	838	2641.629830
837	859	2641.629830
837	863	2641.629813
838	838	5283.259662
838	839	2641.629813
839	839	2641.629884
840	841	2641.629888
840	842	2641.629757
840	843	2641.629928
840	844	2641.629747
840	845	2641.629851
840	846	2641.629830
841	842	2641.629849
841	846	2641.629884
841	850	2641.629851
842	843	2641.629747
842	849	2641.629884
842	850	2641.629888
842	868	2641.629811
843	843	2641.629849
843	844	2641.629851
843	864	2641.629888
843	868	2641.629851
844	845	2641.629830
844	864	2641.629830
844	867	2641.629813
845	846	2641.629823
847	847	5283.259587
847	848	2641.629888
847	849	2641.629813
847	850	2641.629851
847	851	2641.629830
848	848	2641.629751
848	851	2641.629884
848	852	2641.629822
849	849	5283.259714
849	850	2641.629830
849	868	2641.629813
850	851	2641.629823
852	852	7924.889635
852	853	2641.629823
853	853	5283.259714
854	854	7924.889504
854	855	2641.629813
854	856	2641.629851
854	857	2641.629849
855	855	5283.259714
855	856	2641.629811
855	862	2641.629884
856	857	2641.629888
856	861	2641.629851
856	862	2641.629813
856	870	2641.629830
857	857	7924.889410
857	870	2641.629884
858	858	2641.629849
858	859	2641.629747
858	860	2641.629851
858	861	2641.629888
858	862	2641.629884
858	863	2641.629830
859	860	2641.629928
859	863	2641.629851
859	866	2641.629757
860	860	5283.259719
860	865	2641.629851
860	866	2641.629823
861	861	5283.259606
861	862	2641.629830
861	870	2641.629888
862	863	2641.629888
864	864	7924.889429
864	867	2641.629851
865	865	10566.519383
865	866	2641.629830
866	866	2641.629884
866	867	2641.629888
867	867	2641.629830
868	868	7924.889570
869	869	13208.149321
869	871	2641.629851
870	870	7924.889527
871	871	13208.149147
872	872	7924.889429
872	873	2641.629830
873	873	5283.259645
874	874	5283.259714
874	875	2641.629888
874	882	2641.629830
875	875	7924.889570
875	881	2641.629849
875	882	2641.629757
876	877	2641.629747
876	878	2641.629851
876	879	2641.629830
876	880	2641.629888
876	881	2641.629789
876	882	2641.629830
877	878	2641.629830
877	882	2641.629851
878	878	5283.259573
878	879	2641.629888
879	879	2641.629884
879	880	2641.629851
879	883	2641.629747
880	880	5283.259580
880	881	2641.629849
880	883	2641.629928
881	881	5283.259678
881	882	2641.629888
883	883	5283.259739
883	884	2641.629849
884	884	7924.889527
885	885	5283.259577
885	886	2641.629851
885	887	2641.629849
885	888	2641.629888
885	889	2641.629884
886	886	5283.259559
886	887	2641.629888
887	888	2641.629757
887	891	2641.629823
888	888	2641.629851
888	889	2641.629830
888	891	2641.629928
888	896	2641.629747
889	889	10566.519340
890	891	2641.629888
890	892	2641.629884
890	893	2641.629830
890	894	2641.629823
890	895	2641.629757
890	896	2641.629849
891	892	2641.629830
891	896	2641.629851
892	893	2641.629888
893	894	2641.629851
894	894	5283.259697
894	895	2641.629849
895	895	7924.889570
895	896	2641.629888
896	896	5283.259714
