id1	id2	boundary
1	1	15849.779064
2	2	10566.519411
2	3	2641.629830
2	4	2641.629888
3	3	10566.519190
3	4	2641.629851
4	4	10566.519400
5	5	2641.629757
5	6	2641.629888
5	7	2641.629884
5	8	2641.629830
5	9	2641.629823
5	10	2641.629849
6	6	2641.629813
6	7	2641.629830
6	10	2641.629851
6	11	2641.629851
6	331	2641.629811
7	7	5283.259638
7	8	2641.629888
7	11	2641.629888
8	8	5283.259587
8	9	2641.629851
8	15	2641.629813
9	9	7924.889668
9	15	2641.629830
10	10	7924.889602
10	331	2641.629747
11	11	7924.889436
11	12	2641.629888
12	12	7924.889584
12	330	2641.629830
12	332	2641.629747
13	13	10566.519393
13	16	2641.629757
13	25	2641.629947
14	14	10566.519376
14	15	2641.629813
14	16	2641.629954
15	15	7924.889598
16	16	7924.889465
16	25	2641.629823
17	17	13208.149218
17	18	2641.629888
18	18	7924.889489
18	34	2641.629747
18	40	2641.629811
19	19	5283.259779
19	20	2641.629888
19	21	2641.629884
19	22	2641.629830
19	23	2641.629888
20	20	7924.889570
20	21	2641.629849
20	24	2641.629757
21	21	5283.259681
21	22	2641.629813
21	24	2641.629823
22	22	5283.259606
22	23	2641.629789
22	46	2641.629954
23	23	5283.259681
23	46	2641.629732
23	48	2641.629813
24	24	7924.889563
24	25	2641.629888
25	25	7924.889438
26	26	10566.519298
26	58	2641.629830
26	59	2641.629818
27	27	2641.629888
27	28	2641.629757
27	29	2641.629928
27	30	2641.629747
27	31	2641.629851
27	32	2641.629830
28	28	2641.629849
28	29	2641.629823
28	37	2641.629851
28	38	2641.629823
28	66	2641.629830
29	30	2641.629851
29	54	2641.629888
29	65	2641.629830
29	66	2641.629851
30	30	2641.629884
30	31	2641.629830
30	54	2641.629849
30	59	2641.629888
31	31	7924.889551
31	32	2641.629813
32	32	10566.519411
33	33	2641.629830
33	34	2641.629888
33	35	2641.629757
33	36	2641.629928
33	37	2641.629747
33	38	2641.629851
34	34	5283.259714
34	35	2641.629849
34	40	2641.629851
35	35	2641.629884
35	36	2641.629823
35	40	2641.629888
35	71	2641.629830
36	37	2641.629851
36	61	2641.629888
36	70	2641.629830
36	71	2641.629851
37	38	2641.629928
37	61	2641.629849
37	66	2641.629888
38	38	7924.889475
39	39	13208.149241
39	68	2641.629823
40	40	7924.889494
41	41	5283.259681
41	42	2641.629888
41	43	2641.629757
41	44	2641.629947
41	45	2641.629823
42	42	7924.889461
42	43	2641.629751
42	47	2641.629884
43	43	5283.259714
43	44	2641.629823
43	47	2641.629954
44	44	7924.889494
44	45	2641.629851
45	45	10566.519432
46	46	7924.889527
46	48	2641.629884
47	47	7924.889610
47	48	2641.629823
48	48	7924.889417
49	49	7924.889602
49	50	2641.629851
49	51	2641.629830
49	52	2641.629888
50	50	2641.629830
50	51	2641.629813
50	57	2641.629757
50	58	2641.629888
50	84	2641.629830
51	52	2641.629884
51	74	2641.629813
51	83	2641.629830
51	84	2641.629884
52	52	5283.259606
52	74	2641.629811
52	79	2641.629747
53	54	2641.629823
53	55	2641.629851
53	56	2641.629830
53	57	2641.629954
53	58	2641.629822
53	59	2641.629849
54	55	2641.629830
54	59	2641.629757
54	65	2641.629884
55	56	2641.629813
55	64	2641.629757
55	65	2641.629888
55	86	2641.629830
56	57	2641.629757
56	81	2641.629823
56	85	2641.629830
56	86	2641.629884
57	58	2641.629751
57	81	2641.629928
57	84	2641.629747
58	58	2641.629884
58	59	2641.629888
59	59	2641.629928
60	61	2641.629888
60	62	2641.629851
60	63	2641.629830
60	64	2641.629813
60	65	2641.629884
60	66	2641.629751
61	62	2641.629830
61	66	2641.629789
61	70	2641.629884
62	63	2641.629813
62	69	2641.629757
62	70	2641.629888
62	87	2641.629830
63	63	5283.259653
63	64	2641.629757
63	87	2641.629884
64	64	2641.629849
64	65	2641.629830
64	86	2641.629888
65	66	2641.629888
67	67	5283.259681
67	68	2641.629823
67	69	2641.629813
67	70	2641.629884
67	71	2641.629849
68	68	7924.889596
68	71	2641.629757
69	69	5283.259606
69	70	2641.629830
69	87	2641.629888
70	71	2641.629888
71	71	2641.629888
72	72	7924.889504
72	77	2641.629851
72	78	2641.629813
72	107	2641.629849
73	74	2641.629823
73	75	2641.629851
73	76	2641.629830
73	77	2641.629823
73	78	2641.629757
73	79	2641.629849
74	75	2641.629928
74	79	2641.629851
74	83	2641.629851
75	76	2641.629888
75	82	2641.629789
75	83	2641.629888
75	108	2641.629849
76	76	2641.629751
76	77	2641.629851
76	106	2641.629888
76	108	2641.629789
77	78	2641.629928
77	106	2641.629830
77	107	2641.629888
78	78	5283.259714
78	79	2641.629888
79	79	5283.259714
80	80	5283.259714
80	81	2641.629888
80	82	2641.629823
80	83	2641.629757
80	84	2641.629849
81	81	2641.629830
81	84	2641.629851
81	85	2641.629851
82	82	5283.259681
82	83	2641.629849
82	108	2641.629888
83	84	2641.629888
85	85	7924.889494
85	86	2641.629888
86	86	5283.259638
87	87	7924.889527
88	88	10566.519419
88	109	2641.629888
88	111	2641.629757
89	89	5283.259638
89	90	2641.629888
89	92	2641.629789
89	93	2641.629888
89	113	2641.629849
90	90	7924.889570
90	112	2641.629849
90	113	2641.629757
91	91	10566.519338
91	92	2641.629747
91	93	2641.629851
92	92	5283.259681
92	93	2641.629830
92	113	2641.629888
93	93	7924.889400
94	94	5283.259681
94	95	2641.629888
94	96	2641.629757
94	97	2641.629830
94	98	2641.629813
95	95	7924.889461
95	96	2641.629849
95	100	2641.629851
96	96	5283.259662
96	97	2641.629747
96	100	2641.629823
97	97	7924.889589
97	98	2641.629884
98	98	10566.519357
99	99	10566.519281
99	103	2641.629757
99	104	2641.629888
100	100	10566.519531
101	101	7924.889417
101	102	2641.629888
101	103	2641.629813
101	104	2641.629851
102	102	13208.149316
103	103	7924.889537
103	104	2641.629830
104	104	7924.889461
105	105	10566.519283
105	106	2641.629888
105	107	2641.629830
106	106	5283.259714
106	107	2641.629884
107	107	5283.259580
108	108	7924.889668
109	109	13208.149241
110	110	13208.149156
110	112	2641.629813
111	111	13208.149274
112	112	7924.889565
112	113	2641.629823
113	113	5283.259779
114	114	13208.149215
114	115	2641.629849
115	115	7924.889501
115	122	2641.629830
115	123	2641.629851
116	116	10566.519392
116	118	2641.629849
116	123	2641.629888
117	118	2641.629747
117	119	2641.629851
117	120	2641.629849
117	121	2641.629888
117	122	2641.629884
117	123	2641.629830
118	118	5283.259645
118	119	2641.629928
118	123	2641.629757
119	119	5283.259674
119	120	2641.629888
119	130	2641.629830
120	121	2641.629757
120	124	2641.629823
120	129	2641.629830
120	130	2641.629884
121	121	5283.259739
121	122	2641.629830
121	124	2641.629849
122	122	5283.259580
122	123	2641.629813
123	123	2641.629830
124	124	5283.259697
124	125	2641.629830
124	129	2641.629851
125	125	5283.259598
125	128	2641.629884
125	129	2641.629888
125	135	2641.629811
126	126	5283.259664
126	127	2641.629830
126	128	2641.629888
126	129	2641.629757
126	130	2641.629830
127	127	5283.259598
127	128	2641.629884
127	132	2641.629888
127	138	2641.629849
128	129	2641.629849
128	132	2641.629830
128	135	2641.629813
129	130	2641.629888
130	130	5283.259772
131	131	5283.259697
131	132	2641.629747
131	133	2641.629851
131	134	2641.629830
131	135	2641.629830
132	133	2641.629928
132	135	2641.629851
132	138	2641.629757
133	134	2641.629888
133	137	2641.629851
133	138	2641.629747
133	146	2641.629849
134	134	2641.629851
134	139	2641.629747
134	145	2641.629811
134	146	2641.629884
135	135	5283.259739
136	136	7924.889475
136	137	2641.629851
136	141	2641.629747
136	148	2641.629928
137	137	2641.629813
137	138	2641.629811
137	141	2641.629830
137	146	2641.629888
138	138	5283.259772
139	139	10566.519451
139	145	2641.629851
140	141	2641.629888
140	142	2641.629757
140	143	2641.629849
140	144	2641.629888
140	145	2641.629851
140	146	2641.629830
141	142	2641.629849
141	146	2641.629884
141	148	2641.629851
142	143	2641.629823
142	147	2641.629851
142	148	2641.629823
142	154	2641.629830
143	143	2641.629888
143	144	2641.629789
143	153	2641.629830
143	154	2641.629851
144	144	7924.889621
144	145	2641.629830
145	145	2641.629888
145	146	2641.629813
147	147	5283.259772
147	148	2641.629928
147	150	2641.629830
147	154	2641.629888
148	148	5283.259674
149	149	2641.629888
149	150	2641.629954
149	151	2641.629789
149	152	2641.629849
149	153	2641.629884
149	154	2641.629732
150	150	2641.629813
150	151	2641.629849
150	154	2641.629789
150	156	2641.629757
151	152	2641.629888
151	155	2641.629851
151	156	2641.629823
151	162	2641.629830
152	152	5283.259580
152	161	2641.629928
152	162	2641.629851
153	153	7924.889410
153	154	2641.629813
155	155	5283.259645
155	156	2641.629830
155	158	2641.629849
155	162	2641.629888
156	156	7924.889527
157	157	2641.629830
157	158	2641.629813
157	159	2641.629851
157	160	2641.629888
157	161	2641.629851
157	162	2641.629811
158	158	5283.259772
158	159	2641.629830
158	162	2641.629884
159	159	10566.519321
160	160	5283.259735
160	161	2641.629947
160	163	2641.629830
160	165	2641.629813
161	161	5283.259674
161	162	2641.629747
163	163	7924.889618
163	164	2641.629830
163	165	2641.629789
164	164	7924.889520
164	169	2641.629851
164	172	2641.629849
165	165	10566.519302
166	166	7924.889621
166	167	2641.629884
166	168	2641.629830
166	169	2641.629813
167	167	10566.519278
167	168	2641.629888
168	168	2641.629757
168	169	2641.629851
168	170	2641.629888
168	177	2641.629849
169	169	2641.629811
169	170	2641.629830
169	172	2641.629888
170	170	2641.629888
170	171	2641.629849
170	172	2641.629884
170	177	2641.629789
171	171	7924.889508
171	176	2641.629851
171	177	2641.629888
172	172	7924.889410
173	173	5283.259719
173	174	2641.629757
173	175	2641.629849
173	176	2641.629888
173	177	2641.629851
174	174	5283.259737
174	175	2641.629823
174	178	2641.629851
174	185	2641.629928
175	176	2641.629789
175	179	2641.629888
175	184	2641.629849
175	185	2641.629757
176	176	2641.629747
176	177	2641.629830
176	179	2641.629830
177	177	2641.629823
178	178	10566.519240
178	185	2641.629747
179	179	7924.889589
179	184	2641.629757
180	180	2641.629888
180	181	2641.629884
180	182	2641.629830
180	183	2641.629888
180	184	2641.629884
180	185	2641.629830
181	181	7924.889490
181	182	2641.629813
181	189	2641.629830
182	182	2641.629888
182	183	2641.629757
182	188	2641.629830
182	189	2641.629851
183	183	7924.889589
183	184	2641.629830
184	184	2641.629823
184	185	2641.629888
185	185	2641.629851
186	186	7924.889564
186	187	2641.629851
186	188	2641.629851
186	189	2641.629811
187	187	10566.519288
187	194	2641.629830
188	188	7924.889621
188	189	2641.629747
189	189	5283.259772
190	190	5283.259580
190	191	2641.629888
190	192	2641.629884
190	193	2641.629830
190	194	2641.629849
191	191	7924.889475
191	192	2641.629830
191	194	2641.629851
192	192	5283.259678
192	193	2641.629888
192	198	2641.629849
193	193	7924.889589
193	198	2641.629757
194	194	7924.889520
195	195	7924.889589
195	196	2641.629747
195	197	2641.629851
195	198	2641.629928
196	196	7924.889602
196	197	2641.629811
196	198	2641.629851
197	197	5283.259701
197	199	2641.629851
197	203	2641.629830
198	198	5283.259711
199	199	7924.889508
199	201	2641.629830
199	203	2641.629747
200	200	7924.889410
200	201	2641.629888
200	202	2641.629884
200	203	2641.629830
201	201	2641.629888
201	202	2641.629849
201	203	2641.629851
201	205	2641.629757
202	202	2641.629813
202	204	2641.629884
202	205	2641.629888
202	208	2641.629830
203	203	5283.259697
204	204	5283.259743
204	205	2641.629732
204	206	2641.629849
204	208	2641.629888
205	205	7924.889527
206	206	5283.259711
206	207	2641.629830
206	208	2641.629757
206	210	2641.629884
207	207	7924.889527
207	209	2641.629757
207	210	2641.629888
208	208	7924.889527
209	209	7924.889392
209	210	2641.629849
209	211	2641.629928
210	210	7924.889508
211	211	10566.519414
211	212	2641.629830
212	212	7924.889661
212	216	2641.629884
212	222	2641.629830
213	213	7924.889494
213	214	2641.629851
213	215	2641.629928
213	216	2641.629823
214	214	5283.259719
214	215	2641.629747
214	218	2641.629884
214	227	2641.629811
215	215	2641.629849
215	216	2641.629851
215	220	2641.629888
215	227	2641.629851
216	216	2641.629849
216	220	2641.629928
216	222	2641.629747
217	217	10566.519278
217	218	2641.629851
217	224	2641.629888
218	218	5283.259672
218	224	2641.629830
218	227	2641.629813
219	219	7924.889429
219	220	2641.629747
219	221	2641.629884
219	222	2641.629830
220	220	2641.629884
220	221	2641.629811
220	222	2641.629818
221	221	7924.889523
221	232	2641.629849
222	222	5283.259645
223	223	5283.259697
223	224	2641.629747
223	225	2641.629851
223	226	2641.629830
223	227	2641.629830
224	224	2641.629884
224	225	2641.629811
224	227	2641.629851
225	225	5283.259569
225	226	2641.629888
225	236	2641.629849
226	226	5283.259662
226	229	2641.629747
226	236	2641.629884
227	227	2641.629888
228	228	5283.259598
228	229	2641.629888
228	230	2641.629757
228	231	2641.629928
228	232	2641.629830
229	229	5283.259681
229	230	2641.629849
229	232	2641.629884
230	230	5283.259772
230	231	2641.629823
230	244	2641.629830
231	231	7924.889570
231	244	2641.629851
232	232	7924.889585
233	233	7924.889421
233	234	2641.629757
233	235	2641.629830
233	236	2641.629830
234	234	2641.629947
234	235	2641.629888
234	240	2641.629884
234	241	2641.629888
234	246	2641.629830
235	235	2641.629851
235	243	2641.629888
235	245	2641.629732
235	246	2641.629884
236	236	7924.889487
237	237	5283.259719
237	238	2641.629757
237	239	2641.629849
237	240	2641.629888
237	241	2641.629851
238	238	5283.259737
238	239	2641.629823
238	242	2641.629884
238	249	2641.629830
239	239	5283.259751
239	240	2641.629789
239	249	2641.629851
240	240	2641.629849
240	241	2641.629830
240	246	2641.629888
241	241	7924.889475
242	242	7924.889602
242	247	2641.629830
242	249	2641.629888
243	243	7924.889502
243	244	2641.629757
243	245	2641.629884
244	244	7924.889626
245	245	7924.889432
245	246	2641.629954
246	246	5283.259606
247	247	5283.259701
247	248	2641.629830
247	249	2641.629757
247	253	2641.629851
248	248	7924.889508
248	252	2641.629851
248	253	2641.629747
249	249	5283.259737
250	250	7924.889494
250	251	2641.629849
250	252	2641.629888
250	253	2641.629789
251	251	5283.259739
251	252	2641.629757
251	254	2641.629823
251	257	2641.629928
252	252	2641.629888
252	253	2641.629830
252	254	2641.629849
253	253	5283.259719
254	254	5283.259697
254	255	2641.629830
254	257	2641.629851
255	255	5283.259598
255	256	2641.629851
255	257	2641.629823
255	261	2641.629811
256	256	5283.259772
256	257	2641.629947
256	259	2641.629830
256	261	2641.629813
257	257	5283.259598
258	258	7924.889527
258	259	2641.629878
258	260	2641.629884
258	261	2641.629732
259	259	5283.259645
259	260	2641.629830
259	261	2641.629884
260	260	7924.889487
260	265	2641.629849
261	261	5283.259739
262	262	7924.889496
262	263	2641.629888
262	264	2641.629849
262	265	2641.629830
263	263	10566.519324
263	265	2641.629884
264	264	10566.519350
264	272	2641.629851
265	265	7924.889468
266	266	7924.889621
266	267	2641.629884
266	269	2641.629813
266	275	2641.629830
267	267	7924.889570
267	269	2641.629811
267	272	2641.629747
268	268	5283.259645
268	269	2641.629888
268	270	2641.629884
268	271	2641.629830
268	272	2641.629947
269	270	2641.629830
269	272	2641.629851
269	275	2641.629851
270	271	2641.629813
270	274	2641.629851
270	275	2641.629747
270	279	2641.629830
271	271	7924.889573
271	279	2641.629851
272	272	5283.259751
273	273	7924.889454
273	274	2641.629851
273	277	2641.629888
273	283	2641.629851
274	274	2641.629747
274	275	2641.629928
274	277	2641.629849
274	279	2641.629888
275	275	5283.259645
276	276	7924.889570
276	277	2641.629813
276	278	2641.629851
276	279	2641.629811
277	277	2641.629884
277	278	2641.629830
277	279	2641.629884
278	278	10566.519383
279	279	2641.629747
280	280	7924.889602
280	281	2641.629813
280	282	2641.629851
280	283	2641.629811
281	281	5283.259737
281	282	2641.629830
281	283	2641.629884
281	288	2641.629884
282	282	5283.259737
282	287	2641.629757
282	288	2641.629888
283	283	7924.889466
284	284	5283.259751
284	285	2641.629851
284	286	2641.629830
284	287	2641.629888
284	288	2641.629851
285	285	5283.259719
285	286	2641.629888
285	290	2641.629757
285	292	2641.629849
286	286	5283.259719
286	287	2641.629884
286	292	2641.629884
287	287	5283.259653
287	288	2641.629849
288	288	5283.259545
289	289	7924.889602
289	290	2641.629851
289	291	2641.629747
289	295	2641.629811
290	290	5283.259705
290	291	2641.629928
290	292	2641.629823
291	291	5283.259643
291	292	2641.629851
291	295	2641.629851
292	292	5283.259643
293	293	10566.519413
293	294	2641.629851
293	298	2641.629851
294	294	10566.519350
294	295	2641.629849
295	295	7924.889458
296	296	10566.519434
296	297	2641.629851
296	298	2641.629732
297	297	10566.519364
297	302	2641.629830
298	298	10566.519396
299	299	7924.889527
299	300	2641.629888
299	301	2641.629757
299	302	2641.629830
300	300	7924.889429
300	301	2641.629849
300	302	2641.629789
301	301	10566.519425
302	302	7924.889585
303	303	13208.149313
303	304	2641.629830
304	304	10566.519295
304	305	2641.629830
305	305	10566.519371
305	312	2641.629811
306	306	10566.519251
306	307	2641.629928
306	311	2641.629724
307	307	7924.889471
307	310	2641.629884
307	311	2641.629823
308	308	5283.259737
308	309	2641.629789
308	310	2641.629888
308	311	2641.629884
308	312	2641.629830
309	309	10566.519379
309	321	2641.629830
310	310	5283.259710
310	311	2641.629830
310	318	2641.629849
311	311	2641.629947
311	312	2641.629888
312	312	7924.889515
313	313	10566.519350
313	314	2641.629851
313	322	2641.629830
314	314	10566.519259
314	322	2641.629888
315	315	13208.149156
315	327	2641.629888
316	316	10566.519505
316	317	2641.629813
316	334	2641.629830
317	317	5283.259662
317	329	2641.629888
317	333	2641.629830
317	334	2641.629851
318	318	10566.519350
318	320	2641.629757
319	319	13208.149101
319	321	2641.629789
320	320	10566.519498
320	321	2641.629747
321	321	7924.889570
322	322	10566.519218
323	323	13208.149182
323	324	2641.629830
324	324	10566.519359
324	325	2641.629747
325	325	13208.149189
326	326	10566.519390
326	327	2641.629888
326	328	2641.629884
327	327	10566.519352
328	328	13208.149006
329	329	7924.889353
329	330	2641.629811
329	333	2641.629884
330	330	5283.259739
330	332	2641.629851
330	333	2641.629813
331	331	10566.519453
332	332	7924.889573
332	333	2641.629830
333	333	2641.629884
333	334	2641.629813
334	334	7924.889475
