species	pu	amount
1	1	6300.000000
1	2	1800.000000
1	3	348300.000000
1	4	11700.000000
1	5	26100.000000
1	6	1800.000000
1	7	900.000000
1	8	3600.000000
1	9	29700.000000
1	10	3600.000000
1	11	900.000000
1	12	14400.000000
1	14	16200.000000
1	15	49500.000000
1	16	50400.000000
1	17	7200.000000
1	18	114300.000000
1	19	63900.000000
1	20	39600.000000
1	21	99900.000000
1	22	13500.000000
1	23	29700.000000
1	24	154800.000000
1	25	190800.000000
1	26	95400.000000
1	27	9000.000000
1	28	193500.000000
1	29	115200.000000
1	30	29700.000000
1	31	9900.000000
1	32	149400.000000
1	33	1800.000000
1	34	900.000000
1	35	900.000000
1	36	900.000000
1	37	900.000000
1	38	3600.000000
1	39	63900.000000
1	40	181800.000000
1	41	10800.000000
1	42	900.000000
1	43	22500.000000
1	44	35100.000000
1	45	749700.000000
1	46	213300.000000
1	47	181800.000000
1	48	224100.000000
1	49	158400.000000
1	50	585900.000000
1	51	94500.000000
1	52	539100.000000
1	53	161100.000000
1	54	289800.000000
1	55	762300.000000
1	56	28800.000000
1	57	108900.000000
1	58	233100.000000
1	59	171900.000000
1	60	25200.000000
1	61	86400.000000
1	62	142200.000000
1	63	117000.000000
1	64	87300.000000
1	65	375300.000000
1	66	73800.000000
1	67	211500.000000
1	68	1103400.000000
1	69	735300.000000
1	70	1800.000000
1	71	4500.000000
1	72	1800.000000
1	73	1800.000000
1	74	900.000000
1	75	9000.000000
1	76	377100.000000
1	77	54900.000000
1	78	900.000000
1	79	2700.000000
1	80	43200.000000
1	81	31500.000000
1	82	60300.000000
1	83	2700.000000
1	84	8100.000000
1	85	4500.000000
1	86	8100.000000
1	87	8100.000000
1	88	240300.000000
1	89	221400.000000
1	90	409500.000000
1	91	900.000000
1	92	8100.000000
1	93	120600.000000
1	94	232200.000000
1	95	31500.000000
1	96	53100.000000
1	97	1351800.000000
1	98	565200.000000
1	99	884700.000000
1	100	190800.000000
1	101	630900.000000
1	102	588600.000000
1	103	1314900.000000
1	104	869400.000000
1	105	199800.000000
1	106	384300.000000
1	107	496800.000000
1	108	725400.000000
1	109	1296900.000000
1	110	759600.000000
1	111	1247400.000000
1	112	1977300.000000
1	113	346500.000000
1	114	463500.000000
1	115	327600.000000
1	116	4500.000000
1	117	67500.000000
1	118	1055700.000000
1	119	1175400.000000
1	120	144900.000000
1	121	1037700.000000
1	122	1800.000000
1	123	9000.000000
1	124	3600.000000
1	125	111600.000000
1	126	3600.000000
1	127	154800.000000
1	128	592200.000000
1	129	12600.000000
1	130	5400.000000
1	131	155700.000000
1	132	5400.000000
1	133	900.000000
1	134	1800.000000
1	135	1800.000000
1	136	1324800.000000
1	137	1000800.000000
1	138	134100.000000
1	139	19800.000000
1	140	51300.000000
1	141	900.000000
1	142	290700.000000
1	143	959400.000000
1	144	931500.000000
1	145	616500.000000
1	146	306900.000000
1	147	478800.000000
1	148	57600.000000
1	149	4097700.000000
1	150	2531700.000000
1	151	4194900.000000
1	152	5762700.000000
1	153	2951100.000000
1	154	1973700.000000
1	155	2115900.000000
1	156	2094300.000000
1	157	2024100.000000
1	158	2189700.000000
1	159	2205000.000000
1	160	6469200.000000
1	161	2950200.000000
1	162	1768500.000000
1	163	949500.000000
1	164	4502700.000000
1	165	2256300.000000
1	166	1269000.000000
1	167	1067400.000000
1	168	1737000.000000
1	169	2186100.000000
1	170	528300.000000
1	171	398700.000000
1	172	1323900.000000
1	173	2720700.000000
1	174	2136600.000000
1	175	1274400.000000
1	176	232200.000000
1	177	333000.000000
1	178	9000.000000
1	179	111600.000000
1	180	346500.000000
1	181	980100.000000
1	182	87300.000000
1	183	36000.000000
1	184	374400.000000
1	185	44100.000000
1	186	726300.000000
1	187	219600.000000
1	188	23400.000000
1	189	231300.000000
1	190	900.000000
1	191	7200.000000
1	192	900.000000
1	193	2997900.000000
1	194	216900.000000
1	195	4104900.000000
1	196	5585400.000000
1	197	7304400.000000
1	198	1254600.000000
1	199	438300.000000
1	200	1389600.000000
1	201	1527300.000000
1	202	638100.000000
1	203	3561300.000000
1	204	5148000.000000
1	205	1212300.000000
1	206	925200.000000
1	207	4079700.000000
1	208	4582800.000000
1	209	3950100.000000
1	210	4346100.000000
1	211	3187800.000000
1	212	3247200.000000
1	213	1656900.000000
1	214	3586500.000000
1	215	2162700.000000
1	216	2134800.000000
1	217	4057200.000000
1	218	2695500.000000
1	219	3321000.000000
1	220	3229200.000000
1	221	1734300.000000
1	222	1898100.000000
1	223	2839500.000000
1	224	3655800.000000
1	225	3310200.000000
1	226	2269800.000000
1	227	2530800.000000
1	228	4267800.000000
1	229	1322100.000000
1	230	1201500.000000
1	231	2841300.000000
1	232	2577600.000000
1	233	2633400.000000
1	234	3783600.000000
1	235	1567800.000000
1	236	2365200.000000
1	237	2582100.000000
1	238	2926800.000000
1	239	2126700.000000
1	240	1809900.000000
1	241	1901700.000000
1	242	1461600.000000
1	243	322200.000000
1	244	340200.000000
1	245	1087200.000000
1	246	1841400.000000
1	247	153000.000000
1	248	335700.000000
1	249	63000.000000
1	250	900.000000
1	251	1270800.000000
1	252	395100.000000
1	253	91800.000000
1	254	30600.000000
1	255	15300.000000
1	256	900.000000
1	257	19800.000000
1	258	404100.000000
1	259	357300.000000
1	260	24300.000000
1	261	9900.000000
1	262	26100.000000
1	263	5400.000000
1	264	9000.000000
1	265	5400.000000
1	266	10800.000000
1	267	1385100.000000
1	268	4870800.000000
1	269	2636100.000000
1	270	1071000.000000
1	271	3843000.000000
1	272	3537000.000000
1	273	1050300.000000
1	274	2006100.000000
1	275	4028400.000000
1	276	5275800.000000
1	277	5290200.000000
1	278	4831200.000000
1	279	4211100.000000
1	280	2694600.000000
1	281	4913100.000000
1	282	4968900.000000
1	283	6932700.000000
1	284	4279500.000000
1	285	6220800.000000
1	286	5321700.000000
1	287	1827900.000000
1	288	6222600.000000
1	289	4521600.000000
1	290	4201200.000000
1	291	6606900.000000
1	292	8557200.000000
1	293	7095600.000000
1	294	3428100.000000
1	295	2246400.000000
1	296	2832300.000000
1	297	2601000.000000
1	298	260100.000000
1	299	3110400.000000
1	300	2496600.000000
1	301	1120500.000000
1	302	1732500.000000
1	303	1703700.000000
1	304	2316600.000000
1	305	2488500.000000
1	306	1984500.000000
1	307	4285800.000000
1	308	2325600.000000
1	309	665100.000000
1	310	1481400.000000
1	311	457200.000000
1	312	236700.000000
1	313	995400.000000
1	314	1604700.000000
1	315	828900.000000
1	316	407700.000000
1	317	225900.000000
1	318	637200.000000
1	319	454500.000000
1	320	297900.000000
1	321	324000.000000
1	322	891000.000000
1	323	20700.000000
1	324	94500.000000
1	325	171900.000000
1	326	111600.000000
1	327	12600.000000
1	328	258300.000000
1	329	349200.000000
1	330	598500.000000
1	331	64800.000000
1	332	454500.000000
1	333	286200.000000
1	334	618300.000000
1	335	36900.000000
1	336	19800.000000
1	337	9000.000000
1	338	4500.000000
1	339	123300.000000
1	340	68400.000000
1	341	11700.000000
1	342	2700.000000
1	343	1800.000000
1	344	2550600.000000
1	345	2085300.000000
1	346	3593700.000000
1	347	1728900.000000
1	348	4848300.000000
1	349	3901500.000000
1	350	4900500.000000
1	351	3873600.000000
1	352	4138200.000000
1	353	4239900.000000
1	354	6088500.000000
1	355	4401900.000000
1	356	1782900.000000
1	357	2080800.000000
1	358	5461200.000000
1	359	5702400.000000
1	360	6178500.000000
1	361	7402500.000000
1	362	5526000.000000
1	363	3343500.000000
1	364	7062300.000000
1	365	5259600.000000
1	366	6110100.000000
1	367	5153400.000000
1	368	5511600.000000
1	369	6430500.000000
1	370	3384900.000000
1	371	9711900.000000
1	372	5515200.000000
1	373	1672200.000000
1	374	1233000.000000
1	375	2747700.000000
1	376	8928000.000000
1	377	7901100.000000
1	378	5650200.000000
1	379	2524500.000000
1	380	2375100.000000
1	381	1907100.000000
1	382	1805400.000000
1	383	639000.000000
1	384	618300.000000
1	385	2069100.000000
1	386	2399400.000000
1	387	2853900.000000
1	388	1817100.000000
1	389	1175400.000000
1	390	945000.000000
1	391	3028500.000000
1	392	1769400.000000
1	393	582300.000000
1	394	64800.000000
1	395	148500.000000
1	396	815400.000000
1	397	1546200.000000
1	398	854100.000000
1	399	545400.000000
1	400	1605600.000000
1	401	342000.000000
1	402	365400.000000
1	403	1182600.000000
1	404	1182600.000000
1	405	1412100.000000
1	406	1191600.000000
1	407	162900.000000
1	408	321300.000000
1	409	99900.000000
1	410	63000.000000
1	411	234000.000000
1	412	404100.000000
1	413	866700.000000
1	414	42300.000000
1	415	24300.000000
1	416	18000.000000
1	417	10800.000000
1	418	63900.000000
1	419	291600.000000
1	420	102600.000000
1	421	16200.000000
1	422	1800.000000
1	423	31500.000000
1	424	27000.000000
1	425	1800.000000
1	426	1800.000000
1	427	1800.000000
1	428	91800.000000
1	429	4379400.000000
1	430	3033900.000000
1	431	1998000.000000
1	432	4008600.000000
1	433	7658100.000000
1	434	8185500.000000
1	435	9191700.000000
1	436	4912200.000000
1	437	731700.000000
1	438	5246100.000000
1	439	10156500.000000
1	440	5913900.000000
1	441	11733300.000000
1	442	11530800.000000
1	443	12402900.000000
1	444	8366400.000000
1	445	7191000.000000
1	446	6533100.000000
1	447	7141500.000000
1	448	8513100.000000
1	449	6722100.000000
1	450	7932600.000000
1	451	7371900.000000
1	452	7853400.000000
1	453	8649900.000000
1	454	7120800.000000
1	455	4620600.000000
1	456	5322600.000000
1	457	10286100.000000
1	458	9502200.000000
1	459	8204400.000000
1	460	714600.000000
1	461	957600.000000
1	462	732600.000000
1	463	1380600.000000
1	464	1179000.000000
1	465	1800900.000000
1	466	944100.000000
1	467	1575000.000000
1	468	1224900.000000
1	469	2297700.000000
1	470	1080900.000000
1	471	847800.000000
1	472	1754100.000000
1	473	1660500.000000
1	474	1948500.000000
1	475	1449000.000000
1	476	720000.000000
1	477	598500.000000
1	478	895500.000000
1	479	949500.000000
1	480	574200.000000
1	481	180000.000000
1	482	838800.000000
1	483	719100.000000
1	484	1529100.000000
1	485	613800.000000
1	486	110700.000000
1	487	105300.000000
1	488	117000.000000
1	489	89100.000000
1	490	30600.000000
1	491	57600.000000
1	492	370800.000000
1	493	1028700.000000
1	494	513000.000000
1	495	47700.000000
1	496	12600.000000
1	497	277200.000000
1	498	60300.000000
1	499	18900.000000
1	500	27000.000000
1	501	29700.000000
1	502	196200.000000
1	503	65700.000000
1	504	121500.000000
1	505	42300.000000
1	506	155700.000000
1	507	109800.000000
1	508	131400.000000
1	509	1800.000000
1	510	6300.000000
1	511	39600.000000
1	512	9000.000000
1	513	900.000000
1	514	900.000000
1	515	2150100.000000
1	516	10847700.000000
1	517	6274800.000000
1	518	227700.000000
1	519	2070000.000000
1	520	10492200.000000
1	521	10665000.000000
1	522	10885500.000000
1	523	6923700.000000
1	524	5511600.000000
1	525	9665100.000000
1	526	13224600.000000
1	527	10874700.000000
1	528	9944100.000000
1	529	11096100.000000
1	530	8559900.000000
1	531	10744200.000000
1	532	11243700.000000
1	533	13446900.000000
1	534	11187900.000000
1	535	7725600.000000
1	536	7671600.000000
1	537	5296500.000000
1	538	6178500.000000
1	539	6062400.000000
1	540	9282600.000000
1	541	4071600.000000
1	542	3599100.000000
1	543	2079900.000000
1	544	3808800.000000
1	545	5974200.000000
1	546	3832200.000000
1	547	2787300.000000
1	548	1958400.000000
1	549	2223000.000000
1	550	1654200.000000
1	551	2393100.000000
1	552	2433600.000000
1	553	1020600.000000
1	554	2096100.000000
1	555	924300.000000
1	556	207000.000000
1	557	1794600.000000
1	558	750600.000000
1	559	1008900.000000
1	560	873900.000000
1	561	437400.000000
1	562	862200.000000
1	563	1077300.000000
1	564	2628000.000000
1	565	3135600.000000
1	566	1658700.000000
1	567	738000.000000
1	568	863100.000000
1	569	1719900.000000
1	570	435600.000000
1	571	858600.000000
1	572	2620800.000000
1	573	772200.000000
1	574	468900.000000
1	575	466200.000000
1	576	75600.000000
1	577	28800.000000
1	578	25200.000000
1	579	94500.000000
1	580	420300.000000
1	581	520200.000000
1	582	41400.000000
1	583	75600.000000
1	584	135900.000000
1	585	51300.000000
1	586	1800.000000
1	587	166500.000000
1	588	273600.000000
1	589	27900.000000
1	590	2700.000000
1	591	36000.000000
1	592	30600.000000
1	593	14400.000000
1	594	89100.000000
1	595	346500.000000
1	596	23400.000000
1	597	1800.000000
1	598	2700.000000
1	599	10800.000000
1	600	5400.000000
1	601	900.000000
1	602	3600.000000
1	603	2538900.000000
1	604	2730600.000000
1	605	2081700.000000
1	606	1827000.000000
1	607	135900.000000
1	608	86400.000000
1	609	930600.000000
1	610	8280900.000000
1	611	6736500.000000
1	612	3233700.000000
1	613	1809000.000000
1	614	2853900.000000
1	615	7630200.000000
1	616	12792600.000000
1	617	13290300.000000
1	618	8620200.000000
1	619	9762300.000000
1	620	8593200.000000
1	621	7795800.000000
1	622	9321300.000000
1	623	10697400.000000
1	624	5156100.000000
1	625	5354100.000000
1	626	2228400.000000
1	627	1741500.000000
1	628	6648300.000000
1	629	8962200.000000
1	630	7524000.000000
1	631	1537200.000000
1	632	2401200.000000
1	633	1268100.000000
1	634	2312100.000000
1	635	1724400.000000
1	636	2216700.000000
1	637	3107700.000000
1	638	3870000.000000
1	639	1088100.000000
1	640	3410100.000000
1	641	3240900.000000
1	642	4345200.000000
1	643	1992600.000000
1	644	1466100.000000
1	645	662400.000000
1	646	572400.000000
1	647	735300.000000
1	648	783900.000000
1	649	2016900.000000
1	650	660600.000000
1	651	1093500.000000
1	652	302400.000000
1	653	2567700.000000
1	654	344700.000000
1	655	263700.000000
1	656	326700.000000
1	657	1716300.000000
1	658	707400.000000
1	659	3036600.000000
1	660	13500.000000
1	661	314100.000000
1	662	1892700.000000
1	663	2670300.000000
1	664	477900.000000
1	665	613800.000000
1	666	2700.000000
1	667	2700.000000
1	668	8100.000000
1	669	22500.000000
1	670	900.000000
1	671	5400.000000
1	672	1800.000000
1	673	900.000000
1	674	900.000000
1	675	1800.000000
1	676	27900.000000
1	677	15300.000000
1	678	7200.000000
1	679	11700.000000
1	680	26100.000000
1	681	11700.000000
1	682	50400.000000
1	683	633600.000000
1	684	1210500.000000
1	685	333000.000000
1	686	2748600.000000
1	687	2070900.000000
1	688	5224500.000000
1	689	684000.000000
1	690	412200.000000
1	691	2502900.000000
1	692	5312700.000000
1	693	4035600.000000
1	694	10923300.000000
1	695	7099200.000000
1	696	3611700.000000
1	697	7592400.000000
1	698	6132600.000000
1	699	2725200.000000
1	700	1295100.000000
1	701	1417500.000000
1	702	364500.000000
1	703	1095300.000000
1	704	3173400.000000
1	705	2402100.000000
1	706	2057400.000000
1	707	1800900.000000
1	708	2560500.000000
1	709	925200.000000
1	710	675000.000000
1	711	455400.000000
1	712	947700.000000
1	713	1915200.000000
1	714	1693800.000000
1	715	2847600.000000
1	716	711000.000000
1	717	666900.000000
1	718	1339200.000000
1	719	1096200.000000
1	720	3501900.000000
1	721	701100.000000
1	722	884700.000000
1	723	359100.000000
1	724	114300.000000
1	725	242100.000000
1	726	1043100.000000
1	727	2126700.000000
1	728	855000.000000
1	729	1885500.000000
1	730	212400.000000
1	731	317700.000000
1	732	209700.000000
1	733	472500.000000
1	734	1155600.000000
1	735	17100.000000
1	736	325800.000000
1	737	167400.000000
1	738	27000.000000
1	739	437400.000000
1	740	83700.000000
1	741	172800.000000
1	742	145800.000000
1	743	162000.000000
1	744	900.000000
1	745	900.000000
1	746	17100.000000
1	747	403200.000000
1	748	738900.000000
1	749	4500.000000
1	750	23400.000000
1	751	4500.000000
1	752	1800.000000
1	753	3600.000000
1	754	14400.000000
1	755	9900.000000
1	756	22500.000000
1	757	44100.000000
1	758	83700.000000
1	759	7200.000000
1	760	3600.000000
1	761	12600.000000
1	762	21600.000000
1	763	10800.000000
1	764	22500.000000
1	765	3600.000000
1	766	1015200.000000
1	767	36900.000000
1	768	140400.000000
1	769	112500.000000
1	770	91800.000000
1	771	465300.000000
1	772	693000.000000
1	773	365400.000000
1	774	1955700.000000
1	775	6616800.000000
1	776	3966300.000000
1	777	1440000.000000
1	778	156600.000000
1	779	382500.000000
1	780	2389500.000000
1	781	1793700.000000
1	782	606600.000000
1	783	321300.000000
1	784	685800.000000
1	785	2141100.000000
1	786	4731300.000000
1	787	5048100.000000
1	788	397800.000000
1	789	248400.000000
1	790	409500.000000
1	791	188100.000000
1	792	228600.000000
1	793	494100.000000
1	794	740700.000000
1	795	110700.000000
1	796	743400.000000
1	797	214200.000000
1	798	137700.000000
1	799	76500.000000
1	800	185400.000000
1	801	432000.000000
1	802	167400.000000
1	803	225000.000000
1	804	84600.000000
1	805	248400.000000
1	806	400500.000000
1	807	577800.000000
1	808	321300.000000
1	809	584100.000000
1	810	166500.000000
1	811	69300.000000
1	812	173700.000000
1	813	630900.000000
1	814	689400.000000
1	815	451800.000000
1	816	161100.000000
1	817	335700.000000
1	818	170100.000000
1	819	89100.000000
1	820	29700.000000
1	821	166500.000000
1	822	245700.000000
1	823	3600.000000
1	824	7200.000000
1	825	17100.000000
1	826	14400.000000
1	827	33300.000000
1	828	319500.000000
1	829	50400.000000
1	830	1800.000000
1	831	9900.000000
1	832	9000.000000
1	833	52200.000000
1	834	4500.000000
1	835	14400.000000
1	836	74700.000000
1	837	140400.000000
1	838	481500.000000
1	839	588600.000000
1	840	245700.000000
1	841	622800.000000
1	842	1084500.000000
1	843	871200.000000
1	844	2876400.000000
1	845	681300.000000
1	846	1640700.000000
1	847	139500.000000
1	848	267300.000000
1	849	1876500.000000
1	850	521100.000000
1	851	339300.000000
1	852	932400.000000
1	853	1071000.000000
1	854	2604600.000000
1	855	1131300.000000
1	856	10800.000000
1	857	80100.000000
1	858	1008000.000000
1	859	235800.000000
1	860	212400.000000
1	861	342000.000000
1	862	159300.000000
1	863	31500.000000
1	864	48600.000000
1	865	72000.000000
1	866	117900.000000
1	867	102600.000000
1	868	167400.000000
1	869	185400.000000
1	870	50400.000000
1	871	10800.000000
1	872	23400.000000
1	873	3600.000000
1	874	69300.000000
1	875	45900.000000
1	876	45900.000000
1	877	41400.000000
1	878	18900.000000
1	879	104400.000000
1	880	398700.000000
1	881	54900.000000
1	882	61200.000000
1	883	97200.000000
1	884	17100.000000
1	885	14400.000000
1	886	78300.000000
1	887	56700.000000
1	888	57600.000000
1	889	90900.000000
1	890	3600.000000
1	891	7200.000000
1	892	15300.000000
1	893	6300.000000
1	894	162900.000000
1	895	113400.000000
1	896	163800.000000
1	897	11700.000000
1	898	6300.000000
1	899	2700.000000
1	901	1800.000000
1	902	3600.000000
1	903	900.000000
1	904	756900.000000
1	905	86400.000000
1	906	4373100.000000
1	907	2718000.000000
1	908	1958400.000000
1	909	2650500.000000
1	910	7315200.000000
1	911	4700700.000000
1	912	4089600.000000
1	913	900000.000000
1	914	421200.000000
1	915	1214100.000000
1	916	1112400.000000
1	917	1875600.000000
1	918	761400.000000
1	919	600300.000000
1	920	152100.000000
1	921	337500.000000
1	922	124200.000000
1	923	698400.000000
1	924	68400.000000
1	925	144000.000000
1	926	149400.000000
1	927	416700.000000
1	928	3600.000000
1	929	45000.000000
1	930	147600.000000
1	931	88200.000000
1	932	390600.000000
1	933	799200.000000
1	934	108000.000000
1	935	14400.000000
1	936	26100.000000
1	937	27000.000000
1	938	723600.000000
1	939	266400.000000
1	940	5400.000000
1	941	261000.000000
1	942	169200.000000
1	943	26100.000000
1	944	66600.000000
1	945	71100.000000
1	946	239400.000000
1	947	88200.000000
1	948	94500.000000
1	949	28800.000000
1	950	195300.000000
1	951	6300.000000
1	952	74700.000000
1	953	2700.000000
1	954	9000.000000
1	955	6300.000000
1	956	1800.000000
1	957	39600.000000
1	958	31500.000000
1	959	142200.000000
1	960	6300.000000
1	961	14400.000000
1	962	244800.000000
1	963	171000.000000
1	964	18900.000000
1	965	1800.000000
1	966	186300.000000
1	967	12600.000000
1	968	2700.000000
1	969	7200.000000
1	970	8100.000000
1	971	54000.000000
1	972	1800.000000
1	973	1800.000000
1	974	900.000000
1	975	390600.000000
1	976	75600.000000
1	977	1065600.000000
1	978	657900.000000
1	979	241200.000000
1	980	32400.000000
1	981	5400.000000
1	982	2407500.000000
1	983	2648700.000000
1	984	1548900.000000
1	985	1784700.000000
1	986	1477800.000000
1	987	2445300.000000
1	988	5553000.000000
1	989	753300.000000
1	990	1125000.000000
1	991	260100.000000
1	992	277200.000000
1	993	1956600.000000
1	994	1531800.000000
1	995	2333700.000000
1	996	933300.000000
1	997	357300.000000
1	998	172800.000000
1	999	152100.000000
1	1000	284400.000000
1	1001	778500.000000
1	1002	1268100.000000
1	1003	785700.000000
1	1004	606600.000000
1	1005	472500.000000
1	1006	328500.000000
1	1007	130500.000000
1	1008	240300.000000
1	1009	549900.000000
1	1010	126000.000000
1	1011	162900.000000
1	1012	106200.000000
1	1013	18000.000000
1	1014	150300.000000
1	1015	976500.000000
1	1016	101700.000000
1	1017	82800.000000
1	1018	49500.000000
1	1019	9000.000000
1	1020	56700.000000
1	1021	36900.000000
1	1022	135900.000000
1	1023	49500.000000
1	1024	40500.000000
1	1025	57600.000000
1	1026	85500.000000
1	1027	14400.000000
1	1028	138600.000000
1	1029	4500.000000
1	1030	900.000000
1	1031	1800.000000
1	1032	48600.000000
1	1033	7200.000000
1	1034	1800.000000
1	1035	2700.000000
1	1036	2700.000000
1	1037	58500.000000
1	1038	1800.000000
1	1039	7200.000000
1	1040	1800.000000
1	1041	5400.000000
1	1042	2700.000000
1	1043	7200.000000
1	1044	1360800.000000
1	1045	1474200.000000
1	1046	811800.000000
1	1047	885600.000000
1	1048	1153800.000000
1	1049	696600.000000
1	1050	1439100.000000
1	1051	1503900.000000
1	1052	1259100.000000
1	1053	1082700.000000
1	1054	2266200.000000
1	1055	1672200.000000
1	1056	1549800.000000
1	1057	3277800.000000
1	1058	89100.000000
1	1059	68400.000000
1	1060	17100.000000
1	1061	47700.000000
1	1062	201600.000000
1	1063	257400.000000
1	1064	329400.000000
1	1065	139500.000000
1	1066	1116000.000000
1	1067	456300.000000
1	1068	26100.000000
1	1069	27900.000000
1	1070	26100.000000
1	1071	84600.000000
1	1072	141300.000000
1	1073	36000.000000
1	1074	8100.000000
1	1075	9000.000000
1	1076	139500.000000
1	1077	1720800.000000
1	1078	516600.000000
1	1079	280800.000000
1	1080	303300.000000
1	1081	169200.000000
1	1082	42300.000000
1	1083	35100.000000
1	1084	48600.000000
1	1085	63900.000000
1	1086	7200.000000
1	1087	2700.000000
1	1088	2700.000000
1	1089	13500.000000
1	1090	28800.000000
1	1091	7200.000000
1	1092	900.000000
1	1093	33300.000000
1	1094	3600.000000
1	1095	94500.000000
1	1096	18900.000000
1	1097	10800.000000
1	1098	12600.000000
1	1099	4500.000000
1	1100	4500.000000
1	1101	12600.000000
1	1102	15300.000000
1	1103	8100.000000
1	1104	2700.000000
1	1105	1800.000000
1	1106	1800.000000
1	1107	2700.000000
1	1108	6300.000000
1	1109	900.000000
1	1110	1845000.000000
1	1111	1522800.000000
1	1112	347400.000000
1	1113	2071800.000000
1	1114	2092500.000000
1	1115	732600.000000
1	1116	894600.000000
1	1117	938700.000000
1	1118	1456200.000000
1	1119	1473300.000000
1	1120	936000.000000
1	1121	274500.000000
1	1122	354600.000000
1	1123	900000.000000
1	1124	462600.000000
1	1125	49500.000000
1	1126	372600.000000
1	1127	621000.000000
1	1128	366300.000000
1	1129	1891800.000000
1	1130	450000.000000
1	1131	104400.000000
1	1132	31500.000000
1	1133	110700.000000
1	1134	18900.000000
1	1135	141300.000000
1	1136	109800.000000
1	1137	53100.000000
1	1138	386100.000000
1	1139	67500.000000
1	1140	7200.000000
1	1141	321300.000000
1	1142	57600.000000
1	1143	114300.000000
1	1144	126900.000000
1	1145	139500.000000
1	1146	1800.000000
1	1147	79200.000000
1	1148	86400.000000
1	1149	32400.000000
1	1150	101700.000000
1	1151	64800.000000
1	1152	369000.000000
1	1153	9900.000000
1	1154	272700.000000
1	1155	270900.000000
1	1156	678600.000000
1	1157	104400.000000
1	1158	196200.000000
1	1159	134100.000000
1	1160	900.000000
1	1161	46800.000000
1	1162	85500.000000
1	1163	68400.000000
1	1164	8100.000000
1	1165	13500.000000
1	1166	3600.000000
1	1167	900.000000
1	1168	900.000000
1	1169	1800.000000
1	1170	3600.000000
1	1171	1800.000000
1	1172	1804500.000000
1	1173	398700.000000
1	1174	1251000.000000
1	1175	386100.000000
1	1176	480600.000000
1	1177	2522700.000000
1	1178	1084500.000000
1	1179	41400.000000
1	1180	157500.000000
1	1181	1200600.000000
1	1182	1196100.000000
1	1183	559800.000000
1	1184	124200.000000
1	1185	441900.000000
1	1186	220500.000000
1	1187	247500.000000
1	1188	592200.000000
1	1189	2700.000000
1	1190	297000.000000
1	1191	1199700.000000
1	1192	556200.000000
1	1193	1033200.000000
1	1194	564300.000000
1	1195	586800.000000
1	1196	162000.000000
1	1197	279000.000000
1	1198	1518300.000000
1	1199	171000.000000
1	1200	33300.000000
1	1201	9000.000000
1	1202	3600.000000
1	1203	124200.000000
1	1204	9900.000000
1	1205	54900.000000
1	1206	290700.000000
1	1207	68400.000000
1	1208	54900.000000
1	1209	31500.000000
1	1210	329400.000000
1	1211	71100.000000
1	1212	109800.000000
1	1213	383400.000000
1	1214	19800.000000
1	1215	46800.000000
1	1216	136800.000000
1	1217	79200.000000
1	1218	19800.000000
1	1219	14400.000000
1	1220	13500.000000
1	1221	90000.000000
1	1222	12600.000000
1	1223	900.000000
1	1224	289800.000000
1	1225	116100.000000
1	1226	175500.000000
1	1227	349200.000000
1	1228	1341900.000000
1	1229	477000.000000
1	1230	68400.000000
1	1231	730800.000000
1	1232	1692000.000000
1	1233	86400.000000
1	1234	218700.000000
1	1235	171900.000000
1	1236	210600.000000
1	1237	1006200.000000
1	1238	79200.000000
1	1239	43200.000000
1	1240	8100.000000
1	1241	459900.000000
1	1242	1794600.000000
1	1243	513000.000000
1	1244	15300.000000
1	1245	14400.000000
1	1246	59400.000000
1	1247	167400.000000
1	1248	621000.000000
1	1249	29700.000000
1	1250	4500.000000
1	1251	16200.000000
1	1252	4500.000000
1	1253	21600.000000
1	1254	46800.000000
1	1255	36900.000000
1	1256	9000.000000
1	1257	70200.000000
1	1258	900.000000
1	1259	18000.000000
1	1260	11700.000000
1	1261	1800.000000
1	1262	3600.000000
1	1263	7200.000000
1	1264	32400.000000
1	1265	12600.000000
1	1266	35100.000000
1	1267	1800.000000
1	1268	4500.000000
1	1269	4500.000000
1	1270	302400.000000
1	1271	1962000.000000
1	1272	3563100.000000
1	1273	819000.000000
1	1274	14400.000000
1	1275	36900.000000
1	1276	2002500.000000
1	1277	383400.000000
1	1278	317700.000000
1	1279	386100.000000
1	1280	777600.000000
1	1281	2852100.000000
1	1282	1683900.000000
1	1283	150300.000000
1	1284	460800.000000
1	1285	18900.000000
1	1286	301500.000000
1	1287	322200.000000
1	1288	498600.000000
1	1289	142200.000000
1	1290	5400.000000
1	1291	51300.000000
1	1292	135000.000000
1	1293	14400.000000
1	1294	159300.000000
1	1295	390600.000000
1	1296	228600.000000
1	1297	3600.000000
1	1298	6300.000000
1	1299	10800.000000
1	1300	900.000000
1	1301	55800.000000
1	1302	87300.000000
1	1303	116100.000000
1	1304	18900.000000
1	1305	26100.000000
1	1306	1800.000000
1	1307	900.000000
1	1308	6300.000000
1	1309	23400.000000
1	1310	4500.000000
1	1311	10800.000000
1	1312	3600.000000
1	1313	3600.000000
1	1314	900.000000
1	1315	900.000000
1	1316	1800.000000
1	1317	900.000000
1	1318	1800.000000
1	1319	1800.000000
1	1320	900.000000
1	1321	4200300.000000
1	1322	1456200.000000
1	1323	3827700.000000
1	1324	1386900.000000
1	1325	25200.000000
1	1326	714600.000000
1	1327	2363400.000000
1	1328	472500.000000
1	1329	594900.000000
1	1330	289800.000000
1	1331	531900.000000
1	1332	1666800.000000
1	1333	429300.000000
1	1334	613800.000000
1	1335	793800.000000
1	1336	540900.000000
1	1337	801000.000000
1	1338	401400.000000
1	1339	366300.000000
1	1340	330300.000000
1	1341	49500.000000
1	1342	709200.000000
1	1343	80100.000000
1	1344	839700.000000
1	1345	874800.000000
1	1346	671400.000000
1	1347	372600.000000
1	1348	6300.000000
1	1349	9000.000000
1	1350	17100.000000
1	1351	29700.000000
1	1352	8100.000000
1	1353	42300.000000
1	1354	24300.000000
1	1355	7200.000000
1	1356	5400.000000
1	1357	900.000000
1	1358	1800.000000
1	1359	1800.000000
1	1360	5400.000000
1	1361	5400.000000
1	1362	4500.000000
1	1363	6300.000000
1	1364	7200.000000
1	1365	2700.000000
1	1366	5400.000000
1	1367	5400.000000
1	1368	17100.000000
1	1369	10800.000000
1	1370	1800.000000
1	1371	1800.000000
1	1372	1800.000000
1	1373	2700.000000
1	1374	2700.000000
1	1375	81900.000000
1	1376	5400.000000
1	1377	179100.000000
1	1378	1538100.000000
1	1379	2063700.000000
1	1380	1173600.000000
1	1381	1781100.000000
1	1382	1152900.000000
1	1383	3702600.000000
1	1384	1298700.000000
1	1385	2935800.000000
1	1386	237600.000000
1	1387	405900.000000
1	1388	415800.000000
1	1389	620100.000000
1	1390	1512900.000000
1	1391	827100.000000
1	1392	221400.000000
1	1393	491400.000000
1	1394	279900.000000
1	1395	302400.000000
1	1396	427500.000000
1	1397	288900.000000
1	1398	377100.000000
1	1399	487800.000000
1	1400	808200.000000
1	1401	938700.000000
1	1402	638100.000000
1	1403	232200.000000
1	1404	360900.000000
1	1405	1146600.000000
1	1406	581400.000000
1	1407	126900.000000
1	1408	9000.000000
1	1409	18000.000000
1	1410	1263600.000000
1	1411	1623600.000000
1	1412	36000.000000
1	1413	1800.000000
1	1414	24300.000000
1	1415	1800.000000
1	1416	1800.000000
1	1417	900.000000
1	1418	4500.000000
1	1419	2700.000000
1	1420	12600.000000
1	1421	900.000000
1	1422	2700.000000
1	1423	7200.000000
1	1424	48600.000000
1	1425	9900.000000
1	1426	900.000000
1	1427	1859400.000000
1	1428	397800.000000
1	1429	370800.000000
1	1430	1283400.000000
1	1431	1590300.000000
1	1432	1047600.000000
1	1433	4998600.000000
1	1434	999900.000000
1	1435	452700.000000
1	1436	801900.000000
1	1437	496800.000000
1	1438	45900.000000
1	1439	216000.000000
1	1440	1045800.000000
1	1441	66600.000000
1	1442	153000.000000
1	1443	256500.000000
1	1444	59400.000000
1	1445	583200.000000
1	1446	689400.000000
1	1447	354600.000000
1	1448	171000.000000
1	1449	569700.000000
1	1450	65700.000000
1	1451	109800.000000
1	1452	52200.000000
1	1453	262800.000000
1	1454	202500.000000
1	1455	674100.000000
1	1456	1604700.000000
1	1457	1228500.000000
1	1458	682200.000000
1	1459	488700.000000
1	1460	176400.000000
1	1461	853200.000000
1	1462	738000.000000
1	1463	27000.000000
1	1464	123300.000000
1	1465	2776500.000000
1	1466	2980800.000000
1	1467	1564200.000000
1	1468	79200.000000
1	1469	12600.000000
1	1470	1800.000000
1	1471	8100.000000
1	1472	20700.000000
1	1473	9000.000000
1	1474	1800.000000
1	1475	8100.000000
1	1476	54000.000000
1	1477	12600.000000
1	1478	900.000000
1	1479	11700.000000
1	1480	17100.000000
1	1481	31500.000000
1	1482	1800.000000
1	1483	550800.000000
1	1484	535500.000000
1	1485	364500.000000
1	1486	260100.000000
1	1487	180900.000000
1	1488	432000.000000
1	1489	219600.000000
1	1490	436500.000000
1	1491	604800.000000
1	1492	87300.000000
1	1493	401400.000000
1	1494	457200.000000
1	1495	1179900.000000
1	1496	750600.000000
1	1497	21600.000000
1	1498	278100.000000
1	1499	909000.000000
1	1500	714600.000000
1	1501	90000.000000
1	1502	69300.000000
1	1503	46800.000000
1	1504	55800.000000
1	1505	66600.000000
1	1506	51300.000000
1	1507	143100.000000
1	1508	64800.000000
1	1509	279000.000000
1	1510	208800.000000
1	1511	154800.000000
1	1512	82800.000000
1	1513	194400.000000
1	1514	396000.000000
1	1515	229500.000000
1	1516	144900.000000
1	1517	194400.000000
1	1518	575100.000000
1	1519	3675600.000000
1	1520	2491200.000000
1	1521	1218600.000000
1	1522	685800.000000
1	1523	285300.000000
1	1524	2037600.000000
1	1525	1177200.000000
1	1526	145800.000000
1	1527	501300.000000
1	1528	1909800.000000
1	1529	3112200.000000
1	1530	5684400.000000
1	1531	1433700.000000
1	1533	825300.000000
1	1534	637200.000000
1	1535	103500.000000
1	1536	5400.000000
1	1537	2700.000000
1	1538	22500.000000
1	1539	900.000000
1	1540	1800.000000
1	1541	3600.000000
1	1542	576900.000000
1	1543	451800.000000
1	1544	421200.000000
1	1545	258300.000000
1	1546	833400.000000
1	1547	742500.000000
1	1548	907200.000000
1	1549	385200.000000
1	1550	360900.000000
1	1551	116100.000000
1	1552	180900.000000
1	1553	378900.000000
1	1554	261000.000000
1	1555	68400.000000
1	1556	522900.000000
1	1557	128700.000000
1	1558	34200.000000
1	1559	345600.000000
1	1560	418500.000000
1	1561	523800.000000
1	1562	663300.000000
1	1563	204300.000000
1	1564	198000.000000
1	1565	199800.000000
1	1566	144000.000000
1	1567	624600.000000
1	1568	492300.000000
1	1569	374400.000000
1	1570	241200.000000
1	1571	869400.000000
1	1572	238500.000000
1	1573	816300.000000
1	1574	262800.000000
1	1575	62100.000000
1	1576	477000.000000
1	1577	1233000.000000
1	1578	2310300.000000
1	1579	1594800.000000
1	1580	674100.000000
1	1581	1089900.000000
1	1582	2296800.000000
1	1583	3050100.000000
1	1584	2886300.000000
1	1585	2633400.000000
1	1586	1934100.000000
1	1587	2000700.000000
1	1588	1235700.000000
1	1589	2299500.000000
1	1590	1937700.000000
1	1591	1726200.000000
1	1592	627300.000000
1	1593	1811700.000000
1	1594	1273500.000000
1	1595	2513700.000000
1	1596	2522700.000000
1	1597	1331100.000000
1	1598	323100.000000
1	1599	46800.000000
1	1600	109800.000000
1	1601	542700.000000
1	1602	318600.000000
1	1603	1783800.000000
1	1604	809100.000000
1	1605	36900.000000
1	1606	3600.000000
1	1607	126000.000000
1	1608	109800.000000
1	1609	36000.000000
1	1610	3600.000000
1	1611	1246500.000000
1	1612	749700.000000
1	1613	797400.000000
1	1614	1779300.000000
1	1615	4924800.000000
1	1616	2818800.000000
1	1617	739800.000000
1	1618	1079100.000000
1	1619	421200.000000
1	1620	996300.000000
1	1621	324000.000000
1	1622	90000.000000
1	1623	636300.000000
1	1624	765000.000000
1	1625	186300.000000
1	1626	456300.000000
1	1627	165600.000000
1	1628	577800.000000
1	1629	1008000.000000
1	1630	102600.000000
1	1631	106200.000000
1	1632	504000.000000
1	1633	314100.000000
1	1634	418500.000000
1	1635	370800.000000
1	1636	346500.000000
1	1637	837000.000000
1	1638	1376100.000000
1	1639	2448900.000000
1	1640	617400.000000
1	1641	2493000.000000
1	1642	2705400.000000
1	1643	2563200.000000
1	1644	468900.000000
1	1645	193500.000000
1	1646	460800.000000
1	1647	391500.000000
1	1648	2929500.000000
1	1649	1962000.000000
1	1650	324000.000000
1	1651	513000.000000
1	1652	594000.000000
1	1653	1357200.000000
1	1654	482400.000000
1	1655	680400.000000
1	1656	291600.000000
1	1657	2025900.000000
1	1658	2117700.000000
1	1659	1504800.000000
1	1660	2978100.000000
1	1661	2091600.000000
1	1662	824400.000000
1	1663	532800.000000
1	1664	731700.000000
1	1665	851400.000000
1	1666	2241000.000000
1	1667	279900.000000
1	1668	542700.000000
1	1669	423000.000000
1	1670	254700.000000
1	1671	144900.000000
1	1672	620100.000000
1	1673	955800.000000
1	1674	117900.000000
1	1675	15300.000000
1	1676	144000.000000
1	1677	417600.000000
1	1678	880200.000000
1	1679	647100.000000
1	1680	8100.000000
1	1681	9000.000000
1	1682	97200.000000
1	1683	46800.000000
1	1684	17100.000000
1	1685	14400.000000
1	1686	80100.000000
1	1687	144900.000000
1	1688	9900.000000
1	1689	231300.000000
1	1690	14400.000000
1	1691	27000.000000
1	1692	3600.000000
1	1693	900.000000
1	1694	816300.000000
1	1695	1589400.000000
1	1696	4500.000000
1	1697	900.000000
1	1698	900.000000
1	1699	252900.000000
1	1700	902700.000000
1	1701	696600.000000
1	1702	12600.000000
1	1703	43200.000000
1	1704	815400.000000
1	1705	52200.000000
1	1706	253800.000000
1	1707	909000.000000
1	1708	241200.000000
1	1709	171000.000000
1	1710	100800.000000
1	1711	108000.000000
1	1712	882000.000000
1	1713	1217700.000000
1	1714	395100.000000
1	1715	168300.000000
1	1716	390600.000000
1	1717	803700.000000
1	1718	854100.000000
1	1719	286200.000000
1	1720	687600.000000
1	1721	640800.000000
1	1722	1041300.000000
1	1723	325800.000000
1	1724	984600.000000
1	1725	1623600.000000
1	1726	529200.000000
1	1727	109800.000000
1	1728	504900.000000
1	1729	357300.000000
1	1730	277200.000000
1	1731	429300.000000
1	1732	2123100.000000
1	1733	279000.000000
1	1734	219600.000000
1	1735	467100.000000
1	1736	548100.000000
1	1737	646200.000000
1	1738	201600.000000
1	1739	410400.000000
1	1740	411300.000000
1	1741	378900.000000
1	1742	405000.000000
1	1743	618300.000000
1	1744	141300.000000
1	1745	247500.000000
1	1746	314100.000000
1	1747	666900.000000
1	1748	576000.000000
1	1749	172800.000000
1	1750	290700.000000
1	1751	507600.000000
1	1752	302400.000000
1	1753	326700.000000
1	1754	22500.000000
1	1755	23400.000000
1	1756	169200.000000
1	1757	32400.000000
1	1758	36900.000000
1	1759	143100.000000
1	1760	17100.000000
1	1761	290700.000000
1	1762	45900.000000
1	1763	71100.000000
1	1764	96300.000000
1	1765	277200.000000
1	1766	225000.000000
1	1767	10800.000000
1	1768	56700.000000
1	1769	63000.000000
1	1770	9000.000000
1	1771	52200.000000
1	1772	37800.000000
1	1773	85500.000000
1	1774	166500.000000
1	1775	62100.000000
1	1776	1800.000000
1	1777	9000.000000
1	1778	13500.000000
1	1779	9900.000000
1	1780	9900.000000
1	1781	54900.000000
1	1782	26100.000000
1	1783	50400.000000
1	1784	1800.000000
1	1785	8100.000000
1	1786	1800.000000
1	1787	8100.000000
1	1788	1800.000000
1	1789	292500.000000
1	1790	1800.000000
1	1791	329400.000000
1	1792	468900.000000
1	1793	285300.000000
1	1794	390600.000000
1	1795	99900.000000
1	1796	566100.000000
1	1797	891900.000000
1	1798	21600.000000
1	1799	92700.000000
1	1800	19800.000000
1	1801	321300.000000
1	1802	334800.000000
1	1803	38700.000000
1	1804	285300.000000
1	1805	647100.000000
1	1806	255600.000000
1	1807	1751400.000000
1	1808	495900.000000
1	1809	234000.000000
1	1810	136800.000000
1	1811	72000.000000
1	1812	817200.000000
1	1813	1469700.000000
1	1814	1172700.000000
1	1815	378000.000000
1	1816	441900.000000
1	1817	301500.000000
1	1818	76500.000000
1	1819	702000.000000
1	1820	886500.000000
1	1821	407700.000000
1	1822	1286100.000000
1	1823	634500.000000
1	1824	1440900.000000
1	1825	1232100.000000
1	1826	1151100.000000
1	1827	497700.000000
1	1828	776700.000000
1	1829	180900.000000
1	1830	775800.000000
1	1831	545400.000000
1	1832	571500.000000
1	1833	447300.000000
1	1834	168300.000000
1	1835	561600.000000
1	1836	1126800.000000
1	1837	1215900.000000
1	1838	132300.000000
1	1839	1089900.000000
1	1840	331200.000000
1	1841	181800.000000
1	1842	56700.000000
1	1843	121500.000000
1	1844	125100.000000
1	1845	99900.000000
1	1846	123300.000000
1	1847	186300.000000
1	1848	233100.000000
1	1849	189000.000000
1	1850	247500.000000
1	1851	104400.000000
1	1852	67500.000000
1	1853	135000.000000
1	1854	63900.000000
1	1855	75600.000000
1	1856	5400.000000
1	1857	27900.000000
1	1858	74700.000000
1	1859	72900.000000
1	1860	239400.000000
1	1861	10800.000000
1	1862	2700.000000
1	1863	9900.000000
1	1864	900.000000
1	1865	11700.000000
1	1866	7200.000000
1	1867	8100.000000
1	1868	24300.000000
1	1869	2700.000000
1	1870	8100.000000
1	1871	4500.000000
1	1872	72000.000000
1	1873	9900.000000
1	1874	11700.000000
1	1875	13500.000000
1	1876	13500.000000
1	1877	8100.000000
1	1878	5400.000000
1	1879	2700.000000
1	1880	84600.000000
1	1881	18900.000000
1	1882	6300.000000
1	1883	900.000000
1	1884	1800.000000
1	1885	1800.000000
1	1886	1800.000000
1	1887	16200.000000
1	1888	5400.000000
1	1889	27900.000000
1	1890	900.000000
1	1891	1800.000000
1	1892	515700.000000
1	1893	77400.000000
1	1894	84600.000000
1	1895	72000.000000
1	1896	59400.000000
1	1897	149400.000000
1	1898	448200.000000
1	1899	544500.000000
1	1900	288900.000000
1	1901	308700.000000
1	1902	597600.000000
1	1903	148500.000000
1	1904	306900.000000
1	1905	642600.000000
1	1906	693900.000000
1	1907	138600.000000
1	1908	52200.000000
1	1909	99900.000000
1	1910	306000.000000
1	1911	272700.000000
1	1912	1467000.000000
1	1913	651600.000000
1	1914	336600.000000
1	1915	572400.000000
1	1916	618300.000000
1	1917	50400.000000
1	1918	78300.000000
1	1919	243900.000000
1	1920	780300.000000
1	1921	393300.000000
1	1922	629100.000000
1	1923	2491200.000000
1	1924	1009800.000000
1	1925	785700.000000
1	1926	1097100.000000
1	1927	2142900.000000
1	1928	2387700.000000
1	1929	1404000.000000
1	1930	2133900.000000
1	1931	2542500.000000
1	1932	1174500.000000
1	1933	883800.000000
1	1934	75600.000000
1	1935	255600.000000
1	1936	342900.000000
1	1937	293400.000000
1	1938	130500.000000
1	1939	369900.000000
1	1940	234000.000000
1	1941	427500.000000
1	1942	294300.000000
1	1943	351000.000000
1	1944	569700.000000
1	1945	530100.000000
1	1946	394200.000000
1	1947	647100.000000
1	1948	239400.000000
1	1949	79200.000000
1	1950	73800.000000
1	1951	129600.000000
1	1952	246600.000000
1	1953	1202400.000000
1	1954	452700.000000
1	1955	9900.000000
1	1956	6300.000000
1	1957	4500.000000
1	1958	13500.000000
1	1959	6300.000000
1	1960	14400.000000
1	1961	14400.000000
1	1962	373500.000000
1	1963	36900.000000
1	1964	4500.000000
1	1965	9000.000000
1	1966	261000.000000
1	1967	1800.000000
1	1968	1800.000000
1	1969	25200.000000
1	1970	44100.000000
1	1971	115200.000000
1	1972	667800.000000
1	1973	109800.000000
1	1974	91800.000000
1	1975	56700.000000
1	1976	193500.000000
1	1977	408600.000000
1	1978	184500.000000
1	1979	41400.000000
1	1980	900.000000
1	1981	63000.000000
1	1982	18900.000000
1	1983	88200.000000
1	1984	867600.000000
1	1985	1911600.000000
1	1986	224100.000000
1	1987	21600.000000
1	1988	153000.000000
1	1989	287100.000000
1	1990	88200.000000
1	1991	223200.000000
1	1992	83700.000000
1	1993	126900.000000
1	1994	111600.000000
1	1995	970200.000000
1	1996	254700.000000
1	1997	373500.000000
1	1998	322200.000000
1	1999	203400.000000
1	2000	323100.000000
1	2001	382500.000000
1	2002	383400.000000
1	2003	66600.000000
1	2004	580500.000000
1	2005	240300.000000
1	2006	789300.000000
1	2007	327600.000000
1	2008	22500.000000
1	2009	459000.000000
1	2010	1289700.000000
1	2011	885600.000000
1	2012	363600.000000
1	2013	540900.000000
1	2014	728100.000000
1	2015	465300.000000
1	2016	704700.000000
1	2017	360900.000000
1	2018	138600.000000
1	2019	108000.000000
1	2020	887400.000000
1	2021	2229300.000000
1	2022	1306800.000000
1	2023	295200.000000
1	2024	468900.000000
1	2025	394200.000000
1	2026	78300.000000
1	2027	192600.000000
1	2028	149400.000000
1	2029	87300.000000
1	2030	354600.000000
1	2031	695700.000000
1	2032	204300.000000
1	2033	73800.000000
1	2034	163800.000000
1	2035	255600.000000
1	2036	248400.000000
1	2037	660600.000000
1	2038	166500.000000
1	2039	384300.000000
1	2040	378000.000000
1	2041	164700.000000
1	2042	1716300.000000
1	2043	1500300.000000
1	2044	134100.000000
1	2045	1800.000000
1	2046	49500.000000
1	2047	153900.000000
1	2048	36900.000000
1	2049	70200.000000
1	2050	97200.000000
1	2051	52200.000000
1	2052	5400.000000
1	2053	25200.000000
1	2054	32400.000000
1	2055	156600.000000
1	2056	900.000000
1	2057	4500.000000
1	2058	6300.000000
1	2059	34200.000000
1	2060	2700.000000
1	2061	3600.000000
1	2062	5400.000000
1	2063	1800.000000
1	2064	3600.000000
1	2065	1800.000000
1	2066	4500.000000
1	2067	11700.000000
1	2068	387900.000000
1	2069	810000.000000
1	2070	67500.000000
1	2071	111600.000000
1	2072	52200.000000
1	2073	450000.000000
1	2074	531000.000000
1	2075	208800.000000
1	2076	905400.000000
1	2077	911700.000000
1	2078	286200.000000
1	2079	57600.000000
1	2080	857700.000000
1	2081	1381500.000000
1	2082	100800.000000
1	2083	180000.000000
1	2084	16200.000000
1	2085	51300.000000
1	2086	3600.000000
1	2087	364500.000000
1	2088	87300.000000
1	2089	1011600.000000
1	2090	603900.000000
1	2091	4980600.000000
1	2092	1116900.000000
1	2093	23400.000000
1	2094	579600.000000
1	2095	415800.000000
1	2096	444600.000000
1	2097	170100.000000
1	2098	660600.000000
1	2099	1683900.000000
1	2100	1397700.000000
1	2101	148500.000000
1	2102	246600.000000
1	2103	371700.000000
1	2104	170100.000000
1	2105	439200.000000
1	2106	321300.000000
1	2107	563400.000000
1	2108	550800.000000
1	2109	84600.000000
1	2110	659700.000000
1	2111	333900.000000
1	2112	45900.000000
1	2113	772200.000000
1	2114	572400.000000
1	2115	657000.000000
1	2116	39600.000000
1	2117	230400.000000
1	2118	194400.000000
1	2119	94500.000000
1	2120	145800.000000
1	2121	280800.000000
1	2122	70200.000000
1	2123	478800.000000
1	2124	297900.000000
1	2125	907200.000000
1	2126	540900.000000
1	2127	888300.000000
1	2128	300600.000000
1	2129	673200.000000
1	2130	685800.000000
1	2131	333000.000000
1	2132	638100.000000
1	2133	873900.000000
1	2134	792000.000000
1	2135	796500.000000
1	2136	189000.000000
1	2137	619200.000000
1	2138	292500.000000
1	2139	259200.000000
1	2140	1452600.000000
1	2141	864900.000000
1	2142	290700.000000
1	2143	110700.000000
1	2144	2051100.000000
1	2145	93600.000000
1	2146	586800.000000
1	2147	936000.000000
1	2148	547200.000000
1	2149	136800.000000
1	2150	238500.000000
1	2151	900.000000
1	2152	175500.000000
1	2153	70200.000000
1	2154	102600.000000
1	2155	10800.000000
1	2156	6300.000000
1	2157	5400.000000
1	2158	18000.000000
1	2159	21600.000000
1	2160	47700.000000
1	2161	118800.000000
1	2162	2700.000000
1	2163	1800.000000
1	2164	4500.000000
1	2165	5400.000000
1	2166	12600.000000
1	2167	107100.000000
1	2168	66600.000000
1	2169	31500.000000
1	2170	107100.000000
1	2171	2700.000000
1	2172	18900.000000
1	2173	52200.000000
1	2174	72000.000000
1	2175	5400.000000
1	2176	89100.000000
1	2177	341100.000000
1	2178	23400.000000
1	2180	477000.000000
1	2181	937800.000000
1	2182	549000.000000
1	2183	1396800.000000
1	2184	2393100.000000
1	2185	208800.000000
1	2186	406800.000000
1	2187	555300.000000
1	2188	2004300.000000
1	2189	567900.000000
1	2190	873000.000000
1	2191	597600.000000
1	2192	856800.000000
1	2193	1218600.000000
1	2194	548100.000000
1	2195	665100.000000
1	2196	237600.000000
1	2197	537300.000000
1	2198	1763100.000000
1	2199	743400.000000
1	2200	405000.000000
1	2201	484200.000000
1	2202	84600.000000
1	2203	769500.000000
1	2204	135000.000000
1	2205	573300.000000
1	2206	1972800.000000
1	2207	159300.000000
1	2208	109800.000000
1	2209	2012400.000000
1	2210	902700.000000
1	2211	1565100.000000
1	2212	1628100.000000
1	2213	2047500.000000
1	2214	1286100.000000
1	2215	750600.000000
1	2216	2475000.000000
1	2217	1585800.000000
1	2218	726300.000000
1	2219	1800900.000000
1	2220	4491000.000000
1	2221	1219500.000000
1	2222	2357100.000000
1	2223	981000.000000
1	2224	784800.000000
1	2225	900900.000000
1	2226	797400.000000
1	2227	1544400.000000
1	2228	1643400.000000
1	2229	1203300.000000
1	2230	654300.000000
1	2231	341100.000000
1	2232	238500.000000
1	2233	282600.000000
1	2234	709200.000000
1	2235	538200.000000
1	2236	397800.000000
1	2237	22500.000000
1	2238	21600.000000
1	2239	1800.000000
1	2240	6300.000000
1	2241	138600.000000
1	2242	387000.000000
1	2243	148500.000000
1	2244	51300.000000
1	2245	288900.000000
1	2246	89100.000000
1	2247	315900.000000
1	2248	5400.000000
1	2249	108900.000000
1	2250	86400.000000
1	2251	73800.000000
1	2252	387900.000000
1	2253	57600.000000
1	2254	5400.000000
1	2255	130500.000000
1	2256	248400.000000
1	2257	230400.000000
1	2258	3600.000000
1	2259	722700.000000
1	2260	660600.000000
1	2261	16200.000000
1	2262	45900.000000
1	2263	6300.000000
1	2264	36900.000000
1	2265	83700.000000
1	2266	639900.000000
1	2267	1250100.000000
1	2268	243900.000000
1	2269	125100.000000
1	2270	105300.000000
1	2271	2142000.000000
1	2272	24300.000000
1	2273	632700.000000
1	2274	1539900.000000
1	2275	270000.000000
1	2276	185400.000000
1	2277	1027800.000000
1	2278	1085400.000000
1	2279	866700.000000
1	2280	1122300.000000
1	2281	286200.000000
1	2282	985500.000000
1	2283	578700.000000
1	2284	2888100.000000
1	2285	1740600.000000
1	2286	1487700.000000
1	2287	2359800.000000
1	2288	2004300.000000
1	2289	1685700.000000
1	2290	765000.000000
1	2291	351000.000000
1	2292	956700.000000
1	2293	2189700.000000
1	2294	1826100.000000
1	2295	573300.000000
1	2296	1239300.000000
1	2297	2511900.000000
1	2298	1198800.000000
1	2299	3807000.000000
1	2300	989100.000000
1	2301	1834200.000000
1	2302	598500.000000
1	2303	1044000.000000
1	2304	189000.000000
1	2305	1276200.000000
1	2306	1381500.000000
1	2307	250200.000000
1	2308	263700.000000
1	2309	17100.000000
1	2310	133200.000000
1	2311	117900.000000
1	2312	518400.000000
1	2313	942300.000000
1	2314	294300.000000
1	2315	27000.000000
1	2316	275400.000000
1	2317	315900.000000
1	2318	91800.000000
1	2319	297900.000000
1	2320	171900.000000
1	2321	5400.000000
1	2322	36900.000000
1	2323	24300.000000
1	2324	679500.000000
1	2325	658800.000000
1	2326	1006200.000000
1	2327	242100.000000
1	2328	319500.000000
1	2329	274500.000000
1	2330	41400.000000
1	2331	218700.000000
1	2332	63000.000000
1	2333	73800.000000
1	2334	25200.000000
1	2335	61200.000000
1	2336	539100.000000
1	2337	305100.000000
1	2338	649800.000000
1	2339	390600.000000
1	2340	13500.000000
1	2341	79200.000000
1	2342	163800.000000
1	2343	215100.000000
1	2344	980100.000000
1	2345	44100.000000
1	2346	299700.000000
1	2347	706500.000000
1	2348	731700.000000
1	2349	288000.000000
1	2350	260100.000000
1	2351	518400.000000
1	2352	743400.000000
1	2353	511200.000000
1	2354	307800.000000
1	2355	35100.000000
1	2356	2529000.000000
1	2357	2960100.000000
1	2358	11294100.000000
1	2359	879300.000000
1	2360	685800.000000
1	2361	89100.000000
1	2362	1136700.000000
1	2363	1702800.000000
1	2364	1536300.000000
1	2365	4838400.000000
1	2366	5778000.000000
1	2367	901800.000000
1	2368	1099800.000000
1	2369	2064600.000000
1	2370	2746800.000000
1	2371	1433700.000000
1	2372	2137500.000000
1	2373	1591200.000000
1	2374	799200.000000
1	2375	480600.000000
1	2376	1707300.000000
1	2377	2114100.000000
1	2378	1492200.000000
1	2379	753300.000000
1	2380	1308600.000000
1	2381	845100.000000
1	2382	1596600.000000
1	2383	2191500.000000
1	2384	2000700.000000
1	2385	1188000.000000
1	2386	676800.000000
1	2387	536400.000000
1	2388	1857600.000000
1	2389	1647900.000000
1	2390	853200.000000
1	2391	1237500.000000
1	2392	827100.000000
1	2393	918900.000000
1	2394	1362600.000000
1	2395	1930500.000000
1	2396	1980000.000000
1	2397	216000.000000
1	2398	213300.000000
1	2399	192600.000000
1	2400	185400.000000
1	2401	706500.000000
1	2402	1342800.000000
1	2403	244800.000000
1	2404	9900.000000
1	2405	21600.000000
1	2406	54900.000000
1	2407	201600.000000
1	2408	105300.000000
1	2409	900.000000
1	2410	900.000000
1	2411	33300.000000
1	2412	5400.000000
1	2413	222300.000000
1	2414	164700.000000
1	2415	136800.000000
1	2416	148500.000000
1	2417	2700.000000
1	2418	76500.000000
1	2419	103500.000000
1	2420	217800.000000
1	2421	322200.000000
1	2422	231300.000000
1	2423	567000.000000
1	2424	319500.000000
1	2425	749700.000000
1	2426	639900.000000
1	2427	41400.000000
1	2428	153900.000000
1	2429	517500.000000
1	2430	179100.000000
1	2431	376200.000000
1	2432	11700.000000
1	2433	145800.000000
1	2434	288900.000000
1	2435	176400.000000
1	2436	36000.000000
1	2437	78300.000000
1	2438	265500.000000
1	2439	153000.000000
1	2440	452700.000000
1	2441	853200.000000
1	2442	873900.000000
1	2443	297000.000000
1	2444	53100.000000
1	2445	38700.000000
1	2446	4768200.000000
1	2447	2173500.000000
1	2448	9171900.000000
1	2449	7476300.000000
1	2450	3042000.000000
1	2451	2503800.000000
1	2452	1528200.000000
1	2453	4577400.000000
1	2454	7365600.000000
1	2455	936900.000000
1	2456	1396800.000000
1	2457	1575900.000000
1	2458	3578400.000000
1	2459	7791300.000000
1	2460	885600.000000
1	2461	1863000.000000
1	2462	745200.000000
1	2463	1862100.000000
1	2464	2706300.000000
1	2465	4452300.000000
1	2466	2657700.000000
1	2467	1592100.000000
1	2468	914400.000000
1	2469	203400.000000
1	2470	1879200.000000
1	2471	2761200.000000
1	2472	164700.000000
1	2473	2125800.000000
1	2474	157500.000000
1	2475	286200.000000
1	2476	157500.000000
1	2477	853200.000000
1	2478	225900.000000
1	2479	452700.000000
1	2480	925200.000000
1	2481	2315700.000000
1	2482	1151100.000000
1	2483	1241100.000000
1	2484	1161900.000000
1	2485	570600.000000
1	2486	647100.000000
1	2487	1332900.000000
1	2488	130500.000000
1	2489	142200.000000
1	2490	60300.000000
1	2491	193500.000000
1	2492	635400.000000
1	2493	513000.000000
1	2494	359100.000000
1	2495	160200.000000
1	2496	127800.000000
1	2497	431100.000000
1	2498	246600.000000
1	2499	19800.000000
1	2500	176400.000000
1	2501	281700.000000
1	2502	49500.000000
1	2503	1800.000000
1	2504	79200.000000
1	2505	238500.000000
1	2506	82800.000000
1	2507	3600.000000
1	2508	225000.000000
1	2509	22500.000000
1	2510	50400.000000
1	2511	185400.000000
1	2512	204300.000000
1	2513	317700.000000
1	2514	418500.000000
1	2515	575100.000000
1	2516	562500.000000
1	2517	526500.000000
1	2518	221400.000000
1	2519	166500.000000
1	2520	137700.000000
1	2521	69300.000000
1	2522	76500.000000
1	2523	24300.000000
1	2524	49500.000000
1	2525	170100.000000
1	2526	316800.000000
1	2527	485100.000000
1	2528	191700.000000
1	2529	52200.000000
1	2530	76500.000000
1	2531	262800.000000
1	2532	110700.000000
1	2533	96300.000000
1	2534	37800.000000
1	2535	429300.000000
1	2536	981900.000000
1	2537	513000.000000
1	2538	58500.000000
1	2539	63900.000000
1	2540	277200.000000
1	2541	3564000.000000
1	2542	1108800.000000
1	2543	5148900.000000
1	2544	5298300.000000
1	2545	1327500.000000
1	2546	1879200.000000
1	2547	743400.000000
1	2548	3076200.000000
1	2549	4077900.000000
1	2550	652500.000000
1	2551	2120400.000000
1	2552	11811600.000000
1	2553	13120200.000000
1	2554	3109500.000000
1	2555	8241300.000000
1	2556	532800.000000
1	2557	1120500.000000
1	2558	267300.000000
1	2559	1916100.000000
1	2560	87300.000000
1	2561	1966500.000000
1	2562	1957500.000000
1	2563	6188400.000000
1	2564	5988600.000000
1	2565	6596100.000000
1	2566	3227400.000000
1	2567	4777200.000000
1	2568	5458500.000000
1	2569	1323900.000000
1	2570	516600.000000
1	2571	798300.000000
1	2572	531900.000000
1	2573	298800.000000
1	2574	1616400.000000
1	2575	1412100.000000
1	2576	441000.000000
1	2577	450000.000000
1	2578	441000.000000
1	2579	992700.000000
1	2580	567000.000000
1	2581	1049400.000000
1	2582	206100.000000
1	2583	405000.000000
1	2584	1513800.000000
1	2585	1676700.000000
1	2586	1294200.000000
1	2587	801000.000000
1	2588	1322100.000000
1	2589	922500.000000
1	2590	2584800.000000
1	2591	242100.000000
1	2592	201600.000000
1	2593	114300.000000
1	2594	212400.000000
1	2595	289800.000000
1	2596	295200.000000
1	2597	32400.000000
1	2598	157500.000000
1	2599	108000.000000
1	2600	29700.000000
1	2601	119700.000000
1	2602	55800.000000
1	2603	45900.000000
1	2604	312300.000000
1	2605	3600.000000
1	2606	567000.000000
1	2607	945000.000000
1	2608	132300.000000
1	2609	213300.000000
1	2610	1323000.000000
1	2611	943200.000000
1	2612	172800.000000
1	2613	109800.000000
1	2614	197100.000000
1	2615	89100.000000
1	2616	83700.000000
1	2617	39600.000000
1	2618	41400.000000
1	2619	71100.000000
1	2620	1085400.000000
1	2621	518400.000000
1	2622	217800.000000
1	2623	489600.000000
1	2624	339300.000000
1	2625	669600.000000
1	2626	231300.000000
1	2627	45900.000000
1	2628	54900.000000
1	2629	49500.000000
1	2630	104400.000000
1	2631	49500.000000
1	2632	256500.000000
1	2633	6300.000000
1	2634	1117800.000000
1	2635	1091700.000000
1	2636	1620900.000000
1	2637	403200.000000
1	2638	544500.000000
1	2639	99900.000000
1	2640	586800.000000
1	2641	13311000.000000
1	2642	10385100.000000
1	2643	12135600.000000
1	2644	8971200.000000
1	2645	5778900.000000
1	2646	3102300.000000
1	2647	6309900.000000
1	2648	3145500.000000
1	2649	879300.000000
1	2650	940500.000000
1	2651	1377000.000000
1	2652	2821500.000000
1	2653	11582100.000000
1	2654	3259800.000000
1	2655	2662200.000000
1	2656	2070000.000000
1	2657	2601000.000000
1	2658	1200600.000000
1	2659	1944000.000000
1	2660	1696500.000000
1	2661	2320200.000000
1	2662	602100.000000
1	2663	734400.000000
1	2664	211500.000000
1	2665	12600.000000
1	2666	716400.000000
1	2667	2915100.000000
1	2668	2267100.000000
1	2669	176400.000000
1	2670	292500.000000
1	2671	269100.000000
1	2672	15300.000000
1	2673	77400.000000
1	2674	80100.000000
1	2675	762300.000000
1	2676	188100.000000
1	2677	144000.000000
1	2678	387000.000000
1	2679	280800.000000
1	2680	138600.000000
1	2681	477000.000000
1	2682	563400.000000
1	2683	150300.000000
1	2684	70200.000000
1	2685	288000.000000
1	2686	57600.000000
1	2687	291600.000000
1	2688	40500.000000
1	2689	192600.000000
1	2690	92700.000000
1	2691	42300.000000
1	2692	10800.000000
1	2693	134100.000000
1	2694	210600.000000
1	2695	288900.000000
1	2696	185400.000000
1	2697	7200.000000
1	2698	24300.000000
1	2699	111600.000000
1	2700	33300.000000
1	2701	1733400.000000
1	2702	664200.000000
1	2703	9900.000000
1	2704	268200.000000
1	2705	344700.000000
1	2706	331200.000000
1	2707	1293300.000000
1	2708	90000.000000
1	2709	45000.000000
1	2710	51300.000000
1	2711	103500.000000
1	2712	48600.000000
1	2713	57600.000000
1	2714	150300.000000
1	2715	65700.000000
1	2716	801000.000000
1	2717	37800.000000
1	2718	223200.000000
1	2719	33300.000000
1	2720	45000.000000
1	2721	100800.000000
1	2722	290700.000000
1	2723	117900.000000
1	2724	9000.000000
1	2725	131400.000000
1	2726	597600.000000
1	2727	529200.000000
1	2728	777600.000000
1	2729	204300.000000
1	2730	195300.000000
1	2731	142200.000000
1	2732	139500.000000
1	2733	5400.000000
1	2734	329400.000000
1	2735	351900.000000
1	2736	405000.000000
1	2737	2265300.000000
1	2738	113400.000000
1	2739	140400.000000
1	2740	351900.000000
1	2741	143100.000000
1	2742	1240200.000000
1	2743	983700.000000
1	2744	4199400.000000
1	2745	1083600.000000
1	2746	14400.000000
1	2747	1315800.000000
1	2748	1859400.000000
1	2749	7295400.000000
1	2750	1259100.000000
1	2751	1770300.000000
1	2752	110700.000000
1	2753	32400.000000
1	2754	781200.000000
1	2755	2275200.000000
1	2756	1894500.000000
1	2757	5400.000000
1	2758	173700.000000
1	2759	36000.000000
1	2760	59400.000000
1	2761	40500.000000
1	2762	738000.000000
1	2763	119700.000000
1	2764	9900.000000
1	2765	4500.000000
1	2766	90000.000000
1	2767	45000.000000
1	2768	138600.000000
1	2769	180000.000000
1	2770	54000.000000
1	2771	84600.000000
1	2772	98100.000000
1	2773	85500.000000
1	2774	288900.000000
1	2775	18000.000000
1	2776	328500.000000
1	2777	72000.000000
1	2778	329400.000000
1	2779	4500.000000
1	2780	125100.000000
1	2781	261900.000000
1	2782	72000.000000
1	2783	76500.000000
1	2784	423900.000000
1	2785	15300.000000
1	2786	333000.000000
1	2787	476100.000000
1	2788	317700.000000
1	2789	372600.000000
1	2790	247500.000000
1	2791	91800.000000
1	2792	5400.000000
1	2793	900.000000
1	2794	31500.000000
1	2795	288000.000000
1	2796	489600.000000
1	2797	53100.000000
1	2798	900.000000
1	2799	900.000000
1	2800	761400.000000
1	2801	261900.000000
1	2802	171000.000000
1	2803	383400.000000
1	2804	421200.000000
1	2805	659700.000000
1	2806	556200.000000
1	2808	714600.000000
1	2809	554400.000000
1	2810	65700.000000
1	2811	70200.000000
1	2812	39600.000000
1	2813	865800.000000
1	2814	1236600.000000
1	2815	167400.000000
1	2816	17100.000000
1	2817	502200.000000
1	2818	642600.000000
1	2819	718200.000000
1	2820	156600.000000
1	2821	71100.000000
1	2822	247500.000000
1	2823	392400.000000
1	2824	97200.000000
1	2825	24300.000000
1	2826	32400.000000
1	2827	72900.000000
1	2828	261900.000000
1	2829	377100.000000
1	2830	27900.000000
1	2831	54900.000000
1	2832	424800.000000
1	2833	694800.000000
1	2834	169200.000000
1	2835	17100.000000
1	2836	167400.000000
1	2837	114300.000000
1	2838	15300.000000
1	2839	159300.000000
1	2840	1800.000000
1	2841	13500.000000
1	2842	37800.000000
1	2844	21600.000000
1	2845	80100.000000
1	2846	44100.000000
1	2847	44100.000000
1	2848	29700.000000
1	2849	78300.000000
1	2850	103500.000000
1	2851	53100.000000
1	2852	1123200.000000
1	2853	158400.000000
1	2854	56700.000000
1	2855	212400.000000
1	2856	33300.000000
1	2857	229500.000000
1	2858	44100.000000
1	2859	3600.000000
1	2860	1093500.000000
1	2861	441900.000000
1	2862	437400.000000
1	2863	129600.000000
1	2864	470700.000000
1	2865	658800.000000
1	2866	464400.000000
1	2867	98100.000000
1	2868	43200.000000
1	2869	97200.000000
1	2870	24300.000000
1	2871	595800.000000
1	2872	181800.000000
1	2873	148500.000000
1	2874	297000.000000
1	2875	277200.000000
1	2876	464400.000000
1	2877	648000.000000
1	2878	269100.000000
1	2879	80100.000000
1	2880	90000.000000
1	2881	71100.000000
1	2882	131400.000000
1	2883	372600.000000
1	2884	565200.000000
1	2885	19800.000000
1	2886	77400.000000
1	2887	12600.000000
1	2888	65700.000000
1	2889	585000.000000
1	2891	90000.000000
1	2892	1800.000000
1	2893	932400.000000
1	2894	833400.000000
1	2895	229500.000000
1	2896	5821200.000000
1	2897	3647700.000000
1	2898	900.000000
1	2899	466200.000000
1	2900	111600.000000
1	2901	303300.000000
1	2902	132300.000000
1	2903	487800.000000
1	2904	207900.000000
1	2905	261000.000000
1	2906	386100.000000
1	2907	126900.000000
1	2908	113400.000000
1	2909	45900.000000
1	2910	11700.000000
1	2911	28800.000000
1	2912	99900.000000
1	2913	649800.000000
1	2914	177300.000000
1	2915	370800.000000
1	2916	313200.000000
1	2917	168300.000000
1	2918	72000.000000
1	2919	68400.000000
1	2920	305100.000000
1	2921	285300.000000
1	2922	74700.000000
1	2923	63000.000000
1	2924	425700.000000
1	2925	216000.000000
1	2926	120600.000000
1	2927	40500.000000
1	2928	7200.000000
1	2929	265500.000000
1	2930	295200.000000
1	2931	12600.000000
1	2932	67500.000000
1	2933	17100.000000
1	2934	5400.000000
1	2935	90000.000000
1	2936	34200.000000
1	2937	4500.000000
1	2938	15300.000000
1	2939	35100.000000
1	2940	166500.000000
1	2941	403200.000000
1	2942	20700.000000
1	2943	174600.000000
1	2944	29700.000000
1	2945	151200.000000
1	2946	150300.000000
1	2947	700200.000000
1	2948	53100.000000
1	2949	10800.000000
1	2950	29700.000000
1	2951	171900.000000
1	2952	1586700.000000
1	2953	20700.000000
1	2954	14400.000000
1	2955	42300.000000
1	2956	253800.000000
1	2957	121500.000000
1	2958	178200.000000
1	2959	29700.000000
1	2960	371700.000000
1	2961	677700.000000
1	2962	111600.000000
1	2963	522900.000000
1	2964	296100.000000
1	2965	15300.000000
1	2966	74700.000000
1	2967	92700.000000
1	2968	166500.000000
1	2969	189900.000000
1	2970	55800.000000
1	2971	63000.000000
1	2972	99000.000000
1	2973	591300.000000
1	2974	36000.000000
1	2975	44100.000000
1	2976	3600.000000
1	2977	81000.000000
1	2978	177300.000000
1	2979	126000.000000
1	2980	138600.000000
1	2981	2700.000000
1	2982	6308100.000000
1	2983	2158200.000000
1	2984	6327900.000000
1	2985	9094500.000000
1	2986	9862200.000000
1	2987	2695500.000000
1	2988	8542800.000000
1	2989	801000.000000
1	2990	945900.000000
1	2991	982800.000000
1	2992	96300.000000
1	2993	2498400.000000
1	2994	2224800.000000
1	2995	217800.000000
1	2996	28800.000000
1	2997	36000.000000
1	2998	18900.000000
1	2999	37800.000000
1	3000	597600.000000
1	3001	1041300.000000
1	3002	31500.000000
1	3003	55800.000000
1	3004	27900.000000
1	3005	9000.000000
1	3006	38700.000000
1	3007	6300.000000
1	3008	8100.000000
1	3009	8100.000000
1	3010	749700.000000
1	3011	116100.000000
1	3012	153000.000000
1	3013	462600.000000
1	3014	180900.000000
1	3015	97200.000000
1	3016	567900.000000
1	3017	648000.000000
1	3018	108000.000000
1	3019	418500.000000
1	3020	323100.000000
1	3021	288000.000000
1	3022	171900.000000
1	3023	230400.000000
1	3024	1800.000000
1	3025	1800.000000
1	3026	37800.000000
1	3027	8100.000000
1	3028	2700.000000
1	3029	2700.000000
1	3030	103500.000000
1	3031	10800.000000
1	3032	20700.000000
1	3033	4500.000000
1	3034	61200.000000
1	3035	9000.000000
1	3036	67500.000000
1	3037	134100.000000
1	3038	432000.000000
1	3039	7200.000000
1	3040	47700.000000
1	3041	40500.000000
1	3042	294300.000000
1	3043	179100.000000
1	3044	839700.000000
1	3045	696600.000000
1	3046	304200.000000
1	3047	144900.000000
1	3048	16200.000000
1	3049	11700.000000
1	3050	229500.000000
1	3051	282600.000000
1	3052	284400.000000
1	3053	275400.000000
1	3054	464400.000000
1	3055	353700.000000
1	3056	127800.000000
1	3057	143100.000000
1	3058	206100.000000
1	3059	31500.000000
1	3060	62100.000000
1	3061	100800.000000
1	3062	549000.000000
1	3063	110700.000000
1	3064	2700.000000
1	3065	95400.000000
1	3066	27000.000000
1	3067	136800.000000
1	3068	95400.000000
1	3069	1800.000000
1	3070	3089700.000000
1	3071	310500.000000
1	3072	666000.000000
1	3073	221400.000000
1	3074	3954600.000000
1	3075	9860400.000000
1	3076	11152800.000000
1	3077	57600.000000
1	3078	473400.000000
1	3079	422100.000000
1	3080	971100.000000
1	3081	128700.000000
1	3082	205200.000000
1	3083	433800.000000
1	3084	83700.000000
1	3085	69300.000000
1	3086	668700.000000
1	3087	666900.000000
1	3088	283500.000000
1	3089	72000.000000
1	3090	1800.000000
1	3091	206100.000000
1	3092	543600.000000
1	3093	98100.000000
1	3094	81000.000000
1	3095	157500.000000
1	3096	162900.000000
1	3097	433800.000000
1	3098	299700.000000
1	3099	450000.000000
1	3100	121500.000000
1	3101	397800.000000
1	3102	153000.000000
1	3103	243900.000000
1	3104	143100.000000
1	3105	18000.000000
1	3106	14400.000000
1	3107	8100.000000
1	3108	6300.000000
1	3109	243000.000000
1	3110	218700.000000
1	3111	19800.000000
1	3112	15300.000000
1	3113	19800.000000
1	3114	21600.000000
1	3115	900.000000
1	3116	17100.000000
1	3117	11700.000000
1	3118	8100.000000
1	3119	9000.000000
1	3120	3600.000000
1	3121	46800.000000
1	3122	219600.000000
1	3123	11700.000000
1	3124	462600.000000
1	3125	773100.000000
1	3126	682200.000000
1	3127	193500.000000
1	3128	17100.000000
1	3129	2700.000000
1	3130	763200.000000
1	3131	525600.000000
1	3132	317700.000000
1	3133	174600.000000
1	3134	417600.000000
1	3135	664200.000000
1	3136	595800.000000
1	3137	715500.000000
1	3138	56700.000000
1	3139	59400.000000
1	3140	6300.000000
1	3141	18000.000000
1	3142	257400.000000
1	3143	153000.000000
1	3144	1800.000000
1	3145	1800.000000
1	3146	8100.000000
1	3147	414900.000000
1	3148	36000.000000
1	3149	4784400.000000
1	3150	4175100.000000
1	3151	1589400.000000
1	3152	2419200.000000
1	3153	1561500.000000
1	3154	162000.000000
1	3155	26100.000000
1	3156	36000.000000
1	3157	27900.000000
1	3158	270000.000000
1	3159	1144800.000000
1	3160	522900.000000
1	3161	819000.000000
1	3162	2689200.000000
1	3163	579600.000000
1	3164	128700.000000
1	3165	35100.000000
1	3166	81000.000000
1	3167	1935000.000000
1	3168	1237500.000000
1	3169	297900.000000
1	3170	334800.000000
1	3171	419400.000000
1	3172	808200.000000
1	3173	2809800.000000
1	3174	769500.000000
1	3175	164700.000000
1	3176	176400.000000
1	3177	126000.000000
1	3178	529200.000000
1	3179	176400.000000
1	3180	75600.000000
1	3181	72900.000000
1	3182	238500.000000
1	3183	151200.000000
1	3184	44100.000000
1	3185	252900.000000
1	3186	493200.000000
1	3187	276300.000000
1	3188	57600.000000
1	3189	8100.000000
1	3190	18900.000000
1	3191	3600.000000
1	3192	16200.000000
1	3193	28800.000000
1	3194	8100.000000
1	3195	4500.000000
1	3196	4500.000000
1	3197	637200.000000
1	3198	186300.000000
1	3199	8100.000000
1	3200	23400.000000
1	3201	4500.000000
1	3202	19800.000000
1	3203	673200.000000
1	3204	333900.000000
1	3205	89100.000000
1	3206	659700.000000
1	3207	739800.000000
1	3208	1323900.000000
1	3209	26100.000000
1	3210	20700.000000
1	3211	272700.000000
1	3212	900.000000
1	3213	88200.000000
1	3214	379800.000000
1	3215	303300.000000
1	3216	31500.000000
1	3217	79200.000000
1	3218	70200.000000
1	3219	9000.000000
1	3220	359100.000000
1	3221	900.000000
1	3222	900.000000
1	3223	1800.000000
1	3224	900.000000
1	3225	900.000000
1	3226	2700.000000
1	3227	12600.000000
1	3228	900.000000
1	3229	12600.000000
1	3230	900.000000
1	3231	42300.000000
1	3232	16200.000000
1	3233	2700.000000
1	3234	153900.000000
1	3235	139500.000000
1	3236	697500.000000
1	3237	7029000.000000
1	3238	900.000000
1	3239	6300.000000
1	3240	7200.000000
1	3241	117000.000000
1	3242	138600.000000
1	3243	10800.000000
1	3244	13500.000000
1	3245	197100.000000
1	3246	563400.000000
1	3247	296100.000000
1	3248	180000.000000
1	3249	34200.000000
1	3250	48600.000000
1	3251	145800.000000
1	3252	541800.000000
1	3253	379800.000000
1	3254	775800.000000
1	3255	173700.000000
1	3256	118800.000000
1	3257	277200.000000
1	3258	274500.000000
1	3259	209700.000000
1	3260	328500.000000
1	3261	204300.000000
1	3262	63000.000000
1	3263	173700.000000
1	3264	458100.000000
1	3265	277200.000000
1	3266	36000.000000
1	3267	12600.000000
1	3268	13500.000000
1	3269	17100.000000
1	3270	161100.000000
1	3271	67500.000000
1	3272	57600.000000
1	3273	57600.000000
1	3274	10800.000000
1	3275	7200.000000
1	3276	509400.000000
1	3277	469800.000000
1	3278	212400.000000
1	3279	22500.000000
1	3280	72000.000000
1	3281	706500.000000
1	3282	880200.000000
1	3283	263700.000000
1	3284	249300.000000
1	3285	137700.000000
1	3286	5400.000000
1	3287	260100.000000
1	3288	2700.000000
1	3289	900.000000
1	3290	10800.000000
1	3291	9900.000000
1	3292	13500.000000
1	3293	9900.000000
1	3294	4500.000000
1	3295	6300.000000
1	3296	40500.000000
1	3297	37800.000000
1	3298	66600.000000
1	3299	45900.000000
1	3300	2700.000000
1	3301	132300.000000
1	3302	198900.000000
1	3303	42300.000000
1	3304	67500.000000
1	3305	144900.000000
1	3306	304200.000000
1	3307	47700.000000
1	3308	15300.000000
1	3309	81000.000000
1	3310	83700.000000
1	3311	185400.000000
1	3312	154800.000000
1	3313	85500.000000
1	3314	244800.000000
1	3315	59400.000000
1	3316	58500.000000
1	3317	202500.000000
1	3318	146700.000000
1	3319	505800.000000
1	3320	207900.000000
1	3321	214200.000000
1	3322	18900.000000
1	3323	175500.000000
1	3324	240300.000000
1	3325	270000.000000
1	3326	501300.000000
1	3327	338400.000000
1	3328	357300.000000
1	3329	288000.000000
1	3330	406800.000000
1	3331	69300.000000
1	3332	71100.000000
1	3333	61200.000000
1	3334	77400.000000
1	3335	27900.000000
1	3336	76500.000000
1	3337	61200.000000
1	3338	132300.000000
1	3339	1800.000000
1	3340	324000.000000
1	3341	76500.000000
1	3342	42300.000000
1	3343	42300.000000
1	3344	5400.000000
1	3345	6300.000000
1	3346	19800.000000
1	3347	24300.000000
1	3348	22500.000000
1	3349	7200.000000
1	3350	244800.000000
1	3351	174600.000000
1	3352	108900.000000
1	3353	38700.000000
1	3354	283500.000000
1	3355	90900.000000
1	3356	1800.000000
1	3357	5400.000000
1	3358	5400.000000
1	3359	4500.000000
1	3360	900.000000
1	3361	4500.000000
1	3362	1800.000000
1	3363	117900.000000
1	3364	1800.000000
1	3365	387900.000000
1	3366	2832300.000000
1	3367	780300.000000
1	3368	270000.000000
1	3369	247500.000000
1	3370	48600.000000
1	3371	900.000000
1	3372	139500.000000
1	3373	4500.000000
1	3374	97200.000000
1	3375	1800.000000
1	3376	1800.000000
1	3377	7200.000000
1	3378	22500.000000
1	3379	900.000000
1	3380	507600.000000
1	3381	94500.000000
1	3382	133200.000000
1	3383	86400.000000
1	3384	50400.000000
1	3385	27000.000000
1	3386	80100.000000
1	3387	36000.000000
1	3388	149400.000000
1	3389	121500.000000
1	3390	319500.000000
1	3391	107100.000000
1	3392	46800.000000
1	3393	45000.000000
1	3394	44100.000000
1	3395	316800.000000
1	3396	38700.000000
1	3397	32400.000000
1	3398	22500.000000
1	3399	72000.000000
1	3400	85500.000000
1	3401	54000.000000
1	3402	37800.000000
1	3403	75600.000000
1	3404	10800.000000
1	3405	36900.000000
1	3406	25200.000000
1	3407	13500.000000
1	3408	30600.000000
1	3409	106200.000000
1	3410	188100.000000
1	3411	146700.000000
1	3412	8100.000000
1	3413	20700.000000
1	3414	115200.000000
1	3415	109800.000000
1	3416	170100.000000
1	3417	9900.000000
1	3418	132300.000000
1	3419	900.000000
1	3420	2700.000000
1	3421	99900.000000
1	3422	120600.000000
1	3423	1800.000000
1	3424	19800.000000
1	3425	1683000.000000
1	3426	306900.000000
1	3427	357300.000000
1	3429	3600.000000
1	3430	30600.000000
1	3431	71100.000000
1	3432	13500.000000
1	3433	6300.000000
1	3434	900.000000
1	3435	10800.000000
1	3436	20700.000000
1	3437	6300.000000
1	3438	37800.000000
1	3439	5400.000000
1	3440	44100.000000
1	3441	43200.000000
1	3442	40500.000000
1	3443	27900.000000
1	3444	13500.000000
1	3445	25200.000000
1	3446	8100.000000
1	3447	24300.000000
1	3448	900.000000
1	3449	900.000000
1	3450	4500.000000
1	3451	36000.000000
1	3452	8100.000000
1	3453	48600.000000
1	3454	23400.000000
1	3455	12600.000000
1	3456	3942000.000000
1	3457	1664100.000000
1	3458	941400.000000
1	3459	205200.000000
1	3460	181800.000000
1	3461	651600.000000
1	3462	1372500.000000
1	3463	70200.000000
1	3464	9000.000000
1	3465	70200.000000
1	3466	59400.000000
1	3467	96300.000000
1	3468	84600.000000
1	3469	34200.000000
1	3470	75600.000000
1	3471	47700.000000
1	3472	140400.000000
1	3473	238500.000000
1	3474	416700.000000
1	3475	112500.000000
1	3476	95400.000000
1	3477	16200.000000
1	3478	20700.000000
1	3479	36900.000000
1	3480	3600.000000
1	3481	78300.000000
1	3482	11700.000000
1	3483	20700.000000
1	3484	4500.000000
1	3485	900.000000
1	3486	58500.000000
1	3487	81000.000000
1	3488	5400.000000
1	3489	47700.000000
1	3490	36000.000000
1	3491	72000.000000
1	3492	2700.000000
1	3493	55800.000000
1	3494	25200.000000
1	3495	126900.000000
1	3496	900.000000
1	3497	2700.000000
1	3498	11700.000000
1	3499	36900.000000
1	3500	900.000000
1	3501	4500.000000
1	3502	21600.000000
1	3503	4500.000000
1	3504	3600.000000
1	3505	4500.000000
1	3506	1800.000000
1	3507	9900.000000
1	3508	900.000000
1	3509	900.000000
1	3510	17100.000000
1	3511	110700.000000
1	3512	900.000000
1	3513	1800.000000
1	3514	49500.000000
1	3515	27000.000000
1	3516	2700.000000
1	3517	1800.000000
1	3518	3600.000000
1	3519	1800.000000
1	3520	900.000000
1	3521	2637900.000000
1	3522	596700.000000
1	3523	4619700.000000
1	3524	8476200.000000
1	3525	5184000.000000
1	3526	870300.000000
1	3527	14400.000000
1	3528	250200.000000
1	3529	102600.000000
1	3530	1158300.000000
1	3531	809100.000000
1	3532	655200.000000
1	3533	135000.000000
1	3534	15300.000000
1	3535	241200.000000
1	3536	6210900.000000
1	3537	9573300.000000
1	3538	1546200.000000
1	3539	4500.000000
1	3540	3945600.000000
1	3541	1606500.000000
1	3542	414900.000000
1	3543	876600.000000
1	3544	4699800.000000
1	3545	9594000.000000
1	3546	4656600.000000
1	3547	83700.000000
1	3548	18000.000000
1	3549	65700.000000
1	3550	122400.000000
1	3551	119700.000000
1	3552	346500.000000
1	3553	147600.000000
1	3554	106200.000000
1	3555	18900.000000
1	3556	4335300.000000
1	3557	471600.000000
1	3558	285300.000000
1	3559	1779300.000000
1	3560	1350000.000000
1	3561	2863800.000000
1	3562	5852700.000000
1	3563	7200.000000
1	3564	10800.000000
1	3565	7200.000000
1	3566	18000.000000
1	3567	152100.000000
1	3568	136800.000000
1	3569	671400.000000
1	3570	2331000.000000
1	3571	41400.000000
1	3572	100800.000000
1	3573	455400.000000
1	3574	67500.000000
1	3575	211500.000000
1	3576	1021500.000000
1	3577	3032100.000000
1	3578	5940900.000000
1	3579	297900.000000
1	3580	1048500.000000
1	3581	2163600.000000
1	3582	3149100.000000
1	3583	3618000.000000
1	3584	1866600.000000
1	3585	123300.000000
1	3586	9000.000000
1	3587	7200.000000
1	3588	887400.000000
1	3589	478800.000000
1	3590	12600.000000
1	3591	71100.000000
1	3592	3600.000000
1	3593	7735500.000000
1	3594	3056400.000000
1	3595	3875400.000000
1	3596	1893600.000000
1	3597	1367100.000000
1	3598	1270800.000000
1	3599	7047900.000000
1	3600	140400.000000
1	3601	1015200.000000
1	3602	1800.000000
1	3603	2700.000000
1	3604	32400.000000
1	3605	35100.000000
1	3606	6361200.000000
1	3607	6439500.000000
1	3608	5636700.000000
1	3609	2969100.000000
1	3610	640800.000000
1	3611	3387600.000000
1	3612	9088200.000000
1	3613	11700.000000
1	3614	26100.000000
1	3616	128700.000000
1	3617	270900.000000
1	3618	1900800.000000
1	3619	1800.000000
1	3620	10800.000000
1	3621	2700.000000
1	3622	33300.000000
1	3623	50400.000000
1	3624	130500.000000
1	3625	19800.000000
1	3626	104400.000000
1	3627	11700.000000
1	3628	32400.000000
1	3629	19800.000000
1	3630	122400.000000
1	3631	466200.000000
1	3632	436500.000000
1	3633	809100.000000
1	3634	17100.000000
1	3635	8100.000000
1	3636	1800.000000
1	3637	5400.000000
1	3638	57600.000000
1	3639	124200.000000
1	3640	5400.000000
1	3641	1800.000000
1	3642	44100.000000
1	3643	2700.000000
1	3644	2700.000000
1	3645	1800.000000
1	3646	421200.000000
1	3647	581400.000000
1	3648	201600.000000
1	3649	61200.000000
1	3650	901800.000000
1	3651	230400.000000
1	3652	195300.000000
1	3653	683100.000000
1	3654	111600.000000
1	3655	731700.000000
1	3656	378000.000000
1	3657	12600.000000
1	3658	558000.000000
1	3659	559800.000000
1	3660	467100.000000
1	3661	317700.000000
1	3662	899100.000000
1	3663	393300.000000
1	3664	810900.000000
1	3665	477900.000000
1	3666	317700.000000
1	3667	43200.000000
1	3668	103500.000000
1	3669	17100.000000
1	3670	30600.000000
1	3671	173700.000000
1	3672	230400.000000
1	3673	277200.000000
1	3674	268200.000000
1	3675	900.000000
1	3676	32400.000000
1	3677	207000.000000
1	3678	753300.000000
1	3679	1208700.000000
1	3680	2171700.000000
1	3681	212400.000000
1	3682	498600.000000
1	3683	669600.000000
1	3684	828000.000000
1	3685	408600.000000
1	3686	320400.000000
1	3687	215100.000000
1	3688	130500.000000
1	3689	1800.000000
1	3690	28800.000000
1	3691	333000.000000
1	3692	384300.000000
1	3693	540000.000000
1	3694	341100.000000
1	3695	831600.000000
1	3696	326700.000000
1	3697	204300.000000
1	3698	203400.000000
1	3699	1670400.000000
1	3700	666900.000000
1	3701	2965500.000000
1	3702	36000.000000
1	3703	116100.000000
1	3704	84600.000000
1	3705	1029600.000000
1	3706	23400.000000
1	3707	62100.000000
1	3708	6300.000000
1	3709	12600.000000
1	3710	237600.000000
1	3711	496800.000000
1	3712	18000.000000
1	3713	3600.000000
1	3714	4167000.000000
1	3715	432000.000000
1	3716	2207700.000000
1	3717	4586400.000000
1	3718	2014200.000000
1	3719	2069100.000000
1	3720	3267900.000000
1	3721	6458400.000000
1	3722	6672600.000000
1	3723	6390000.000000
1	3724	1917000.000000
1	3725	625500.000000
1	3726	96300.000000
1	3727	31500.000000
1	3728	6300.000000
1	3729	100800.000000
1	3730	92700.000000
1	3731	936000.000000
1	3732	1791000.000000
1	3733	31500.000000
1	3734	9900.000000
1	3735	6300.000000
1	3736	103500.000000
1	3737	288000.000000
1	3738	946800.000000
1	3739	2082600.000000
1	3740	6361200.000000
1	3741	1382400.000000
1	3742	252900.000000
1	3743	5400.000000
1	3744	9683100.000000
1	3745	9825300.000000
1	3746	12296700.000000
1	3747	13083300.000000
1	3748	6318000.000000
1	3749	691200.000000
1	3750	1800.000000
1	3751	900.000000
1	3752	171000.000000
1	3753	8100.000000
1	3754	5565600.000000
1	3755	3929400.000000
1	3756	6471900.000000
1	3757	10750500.000000
1	3758	9220500.000000
1	3759	447300.000000
1	3760	5096700.000000
1	3761	14598900.000000
1	3762	11287800.000000
1	3763	12636900.000000
1	3764	10815300.000000
1	3765	14812200.000000
1	3766	6759000.000000
1	3767	14073300.000000
1	3768	60300.000000
1	3769	5400.000000
1	3770	61200.000000
1	3771	36900.000000
1	3772	5400.000000
1	3773	2401200.000000
1	3774	5883300.000000
1	3775	2233800.000000
1	3776	1811700.000000
1	3777	342900.000000
1	3778	7592400.000000
1	3779	10292400.000000
1	3780	10827000.000000
1	3781	1806300.000000
1	3782	13020300.000000
1	3783	8156700.000000
1	3784	7381800.000000
1	3785	9039600.000000
1	3786	3600.000000
1	3787	81900.000000
1	3788	18000.000000
1	3789	19800.000000
1	3790	3412800.000000
1	3791	8475300.000000
1	3792	1946700.000000
1	3793	20700.000000
1	3794	36000.000000
1	3795	8100.000000
1	3796	575100.000000
1	3797	1054800.000000
1	3798	240300.000000
1	3799	180900.000000
1	3800	472500.000000
1	3801	4458600.000000
1	3802	1779300.000000
1	3803	77400.000000
1	3804	128700.000000
1	3805	44100.000000
1	3806	582300.000000
1	3807	216900.000000
1	3808	3298500.000000
1	3809	1208700.000000
1	3810	13500.000000
1	3811	56700.000000
1	3812	17100.000000
1	3813	2700.000000
1	3814	1029600.000000
1	3815	16200.000000
1	3816	1800.000000
1	3817	64800.000000
1	3818	2943000.000000
1	3819	1100700.000000
1	3820	145800.000000
1	3821	373500.000000
1	3822	1935900.000000
1	3823	11234700.000000
1	3824	12413700.000000
1	3825	90900.000000
1	3826	211500.000000
1	3827	110700.000000
1	3828	58500.000000
1	3829	36900.000000
1	3830	101700.000000
1	3831	18900.000000
1	3832	900.000000
1	3833	9000.000000
1	3834	900.000000
1	3835	535500.000000
1	3836	301500.000000
1	3837	144900.000000
1	3838	248400.000000
1	3839	73800.000000
1	3841	110700.000000
1	3842	1238400.000000
1	3843	3600.000000
1	3844	790200.000000
1	3845	693900.000000
1	3846	127800.000000
1	3847	52200.000000
1	3848	4500.000000
1	3849	3600.000000
1	3850	9000.000000
1	3851	3600.000000
1	3852	3600.000000
1	3853	66600.000000
1	3854	38700.000000
1	3855	105300.000000
1	3856	699300.000000
1	3857	267300.000000
1	3858	22500.000000
1	3859	483300.000000
1	3860	76500.000000
1	3861	363600.000000
1	3862	80100.000000
1	3863	92700.000000
1	3864	201600.000000
1	3865	62100.000000
1	3866	177300.000000
1	3867	130500.000000
1	3868	32400.000000
1	3869	1516500.000000
1	3870	135000.000000
1	3871	169200.000000
1	3872	6300.000000
1	3873	549900.000000
1	3874	9000.000000
1	3875	26100.000000
1	3876	4500.000000
1	3877	19800.000000
1	3878	26100.000000
1	3879	3600.000000
1	3880	59400.000000
1	3881	118800.000000
1	3882	17100.000000
1	3883	4500.000000
1	3884	2700.000000
1	3885	1800.000000
1	3886	1800.000000
1	3887	22500.000000
1	3888	1800.000000
1	3889	1800.000000
1	3890	2700.000000
1	3891	900.000000
1	3892	900.000000
1	3893	1800.000000
1	3894	7200.000000
1	3895	38700.000000
1	3896	32400.000000
1	3897	9000.000000
1	3898	900.000000
1	3899	1800.000000
1	3900	26100.000000
1	3901	123300.000000
1	3902	32400.000000
1	3903	233100.000000
1	3904	341100.000000
1	3905	225900.000000
1	3906	91800.000000
1	3907	26100.000000
1	3908	61200.000000
1	3909	14400.000000
1	3910	1800.000000
1	3911	18000.000000
1	3912	54900.000000
1	3913	38700.000000
1	3914	41400.000000
1	3915	18000.000000
1	3916	4500.000000
1	3917	82800.000000
1	3918	1800.000000
1	3919	8100.000000
1	3920	45900.000000
1	3921	900.000000
1	3922	91800.000000
1	3923	91800.000000
1	3924	36000.000000
1	3925	18900.000000
1	3926	9000.000000
1	3927	258300.000000
1	3928	103500.000000
1	3929	156600.000000
1	3930	58500.000000
1	3931	36900.000000
1	3932	81000.000000
1	3933	310500.000000
1	3934	4500.000000
1	3935	2700.000000
1	3936	900.000000
1	3937	1800.000000
1	3938	7200.000000
1	3939	2700.000000
1	3940	1800.000000
1	3941	1800.000000
1	3942	1800.000000
1	3943	1800.000000
1	3944	1800.000000
1	3945	7200.000000
1	3946	2700.000000
1	3947	8100.000000
1	3948	7200.000000
1	3949	14400.000000
1	3950	900.000000
1	3951	3600.000000
1	3952	43200.000000
1	3953	14400.000000
1	3954	14400.000000
1	3955	2700.000000
1	3956	9000.000000
1	3957	1800.000000
1	3958	1800.000000
1	3959	900.000000
1	3960	9000.000000
1	3961	76500.000000
1	3962	17100.000000
1	3963	57600.000000
1	3964	28800.000000
1	3965	900.000000
1	3966	30600.000000
1	3967	3600.000000
1	3968	1800.000000
1	3969	16200.000000
1	3970	31500.000000
1	3971	304200.000000
1	3972	313200.000000
1	3973	1073700.000000
1	3974	4500.000000
1	3975	900.000000
1	3976	900.000000
1	3977	900.000000
1	3978	90900.000000
1	3979	4041000.000000
1	3980	1837800.000000
1	3981	245700.000000
1	3982	900.000000
1	3983	900.000000
1	3984	900.000000
1	3985	4500.000000
1	3986	74700.000000
1	3987	5038200.000000
1	3988	2097900.000000
1	3989	10800.000000
1	3990	56700.000000
1	3991	43200.000000
1	3992	177300.000000
1	3993	930600.000000
1	3994	2257200.000000
1	3995	10800.000000
1	3996	14400.000000
1	3997	1199700.000000
1	3998	3799800.000000
1	3999	2088000.000000
1	4000	21600.000000
1	4001	900.000000
1	4002	900.000000
1	4003	1029600.000000
1	4004	11975400.000000
1	4005	13685400.000000
1	4006	12777300.000000
1	4007	8294400.000000
1	4008	7860600.000000
1	4009	5283000.000000
1	4010	6398100.000000
1	4011	1637100.000000
1	4012	9666900.000000
1	4013	8031600.000000
1	4014	7166700.000000
1	4015	8189100.000000
1	4016	4435200.000000
1	4017	44100.000000
1	4018	3600.000000
1	4019	15300.000000
1	4020	2189700.000000
1	4021	1420200.000000
1	4022	2700.000000
1	4023	1800.000000
1	4024	512100.000000
1	4025	6463800.000000
1	4026	8475300.000000
1	4027	2082600.000000
1	4028	162000.000000
1	4029	20700.000000
1	4030	1383300.000000
1	4031	9453600.000000
1	4032	14298300.000000
1	4033	10867500.000000
1	4034	9708300.000000
1	4035	10835100.000000
1	4036	8928900.000000
1	4037	7659000.000000
1	4038	584100.000000
1	4039	73800.000000
1	4040	38700.000000
1	4041	146700.000000
1	4042	7011900.000000
1	4043	9672300.000000
1	4044	3852000.000000
1	4045	245700.000000
1	4046	2700.000000
1	4047	4457700.000000
1	4048	169200.000000
1	4049	7200.000000
1	4050	900.000000
1	4051	900.000000
1	4052	4826700.000000
1	4053	1935000.000000
1	4054	2701800.000000
1	4055	1123200.000000
1	4056	4016700.000000
1	4057	782100.000000
1	4058	7673400.000000
1	4059	7437600.000000
1	4060	4917600.000000
1	4061	633600.000000
1	4062	6314400.000000
1	4063	6907500.000000
1	4064	6249600.000000
1	4065	6668100.000000
1	4066	178200.000000
1	4067	14400.000000
1	4068	281700.000000
1	4069	419400.000000
1	4070	106200.000000
1	4071	4500.000000
1	4072	15300.000000
1	4073	63000.000000
1	4074	75600.000000
1	4075	48600.000000
1	4076	900.000000
1	4077	900.000000
1	4078	262800.000000
1	4079	313200.000000
1	4080	3016800.000000
1	4081	3127500.000000
1	4082	1055700.000000
1	4083	13500.000000
1	4084	76500.000000
1	4085	381600.000000
1	4086	39600.000000
1	4087	252000.000000
1	4088	27900.000000
1	4089	5400.000000
1	4090	2063700.000000
1	4091	1993500.000000
1	4092	229500.000000
1	4093	1800.000000
1	4094	195300.000000
1	4095	764100.000000
1	4096	4047300.000000
1	4097	124200.000000
1	4098	185400.000000
1	4099	10800.000000
1	4100	156600.000000
1	4101	2079000.000000
1	4102	664200.000000
1	4103	837900.000000
1	4104	3990600.000000
1	4105	4719600.000000
1	4106	2702700.000000
1	4107	3033000.000000
1	4108	900.000000
1	4109	2700.000000
1	4110	17100.000000
1	4111	35100.000000
1	4112	153000.000000
1	4113	1696500.000000
1	4114	6570900.000000
1	4115	3991500.000000
1	4116	3906000.000000
1	4117	527400.000000
1	4118	68400.000000
1	4119	3391200.000000
1	4120	13500.000000
1	4121	1800.000000
1	4122	900.000000
1	4123	255600.000000
1	4124	3411900.000000
1	4125	411300.000000
1	4126	189000.000000
1	4127	2568600.000000
1	4128	1886400.000000
1	4129	3782700.000000
1	4130	1433700.000000
1	4131	44100.000000
1	4132	1800.000000
1	4133	543600.000000
1	4134	17100.000000
1	4135	13500.000000
1	4136	21600.000000
1	4137	3165300.000000
1	4138	2727900.000000
1	4139	742500.000000
1	4140	522000.000000
1	4141	1119600.000000
1	4142	1461600.000000
1	4143	1543500.000000
1	4144	6300.000000
1	4145	4500.000000
1	4146	3976200.000000
1	4147	1261800.000000
1	4148	308700.000000
1	4149	1799100.000000
1	4150	1608300.000000
1	4151	3017700.000000
1	4152	4158000.000000
1	4153	22500.000000
1	4154	16200.000000
1	4155	14400.000000
1	4156	200700.000000
1	4157	900.000000
1	4158	10800.000000
1	4159	101700.000000
1	4160	6394500.000000
1	4161	1011600.000000
1	4162	849600.000000
1	4163	4112100.000000
1	4164	2784600.000000
1	4165	738900.000000
1	4166	2726100.000000
1	4167	3600.000000
1	4168	6300.000000
1	4169	2700.000000
1	4170	8100.000000
1	4171	14400.000000
1	4172	30600.000000
1	4173	849600.000000
1	4174	6888600.000000
1	4175	1315800.000000
1	4176	559800.000000
1	4177	140400.000000
1	4178	900.000000
1	4179	176400.000000
1	4180	2040300.000000
1	4181	417600.000000
1	4182	631800.000000
1	4183	136800.000000
1	4184	487800.000000
1	4185	1206000.000000
1	4186	137700.000000
1	4187	1800.000000
1	4188	1800.000000
1	4189	210600.000000
1	4190	11700.000000
1	4191	17100.000000
1	4192	3600.000000
