species,pu,amount
1,1,5400
1,2,11700
1,3,900
1,4,974700
1,5,61200
1,6,162000
1,7,1311300
1,8,185400
1,9,1920600
1,10,100800
1,11,566100
1,12,1029600
1,13,27900
1,14,86400
1,15,9000
1,16,242100
1,17,741600
1,18,8100
1,19,28800
1,20,27900
1,21,377100
1,22,280800
1,23,1233900
1,24,334800
1,25,991800
1,26,380700
1,27,1068300
1,28,252900
1,29,424800
1,30,22500
1,31,12600
1,32,135000
1,33,139500
1,34,4500
1,35,114300
1,36,636300
1,37,40500
1,38,63900
1,39,1827900
1,40,364500
1,41,855900
1,42,175500
1,43,4709700
1,44,1402200
1,45,5056200
1,46,6939000
1,47,342000
1,48,15300
1,49,149400
1,50,1800
1,51,555300
1,52,2935800
1,53,10841400
1,54,5410800
1,55,63000
1,56,63900
1,57,3690900
1,58,318600
1,59,207000
1,60,35100
1,61,629100
1,62,19800
1,63,6300
1,64,5400
1,65,900
1,66,9151200
1,67,557100
1,68,6722100
1,69,6057000
1,70,6901200
1,71,1489500
1,72,3600
1,73,1681200
1,74,202500
1,75,189000
1,76,8227800
1,77,1684800
1,78,459900
1,79,1800
1,80,7124400
1,81,1240200
1,82,990000
1,83,6234300
1,84,2754900
1,85,2893500
1,86,3255300
1,87,4418100
1,88,9184500
1,89,657000
1,90,793800
1,91,6812100
1,92,3414600
1,93,305100
1,94,1732500
1,95,3795300
1,96,2655900
1,97,2755800
1,98,397800
1,99,10998000
1,100,507600
1,101,7900200
1,102,14242500
1,103,4667400
1,104,2391300
1,105,1104300
1,106,5734800
1,107,2763000
1,108,68400
1,109,1962900
1,110,1600200
1,111,2763000
1,112,285300
1,113,2122200
1,114,1806300
1,115,1232100
1,116,837900
1,117,81000
1,118,7769700
1,119,2341800
1,120,3677400
1,121,2791800
1,122,5529600
1,123,7233300
1,124,6254100
1,125,2820600
1,126,4926600
1,127,3935700
1,128,4700700
1,129,756900
1,130,3373200
1,131,6006600
1,132,3967200
1,133,7722900
1,134,9900
1,135,645300
1,136,900
1,137,8100
1,138,3760200
1,139,7332300
1,140,3884400
1,141,1445400
1,142,2302200
1,143,2157300
1,144,378900
1,145,4486500
1,146,891000
1,147,7200
1,148,16200
1,149,3202200
1,150,751500
1,151,201600
1,152,1040400
1,153,5246100
1,154,2809800
1,155,141300
1,156,495900
1,157,3600
1,158,35100
1,159,9000
1,160,1434600
1,161,1700100
1,162,1069200
1,163,14400
1,164,396000
1,165,739800
1,166,5597100
1,167,363600
1,168,21600
1,169,130500
1,170,1269000
1,171,2223000
1,172,9015300
1,173,7682400
1,174,5400
1,175,1800
1,176,4908600
1,177,415800
1,178,18000
1,179,1080900
1,180,4253400
1,181,237600
1,182,1459800
1,183,151200
1,184,2097900
1,185,7082100
1,186,44100
1,187,36900
1,188,3600
1,189,212400
1,190,26100
1,191,11700
1,192,1800
1,193,34200
1,194,14400
1,195,32400
1,196,147600
1,197,8100
1,198,16200
1,199,5400
1,200,41400
1,201,21600
1,202,38700
1,203,29700
1,204,224100
1,205,1800
1,206,31500
1,207,12600
1,208,1800
1,209,12600
1,210,9000
1,211,2700
1,212,2286900
1,213,223200
1,214,3600
1,215,900
1,216,900
1,217,348300
1,218,452700
1,219,2700
1,220,104400
1,221,6300
1,222,64800
1,223,360000
1,224,11700
1,225,9000
1,226,85500
1,227,27000
1,228,113400
1,229,210600
1,230,60300
1,231,29700
1,232,30600
1,233,104400
1,234,828900
1,235,361800
1,236,7200
1,237,266400
1,238,249300
1,239,124200
1,240,67500
1,241,22500
1,242,1296900
1,243,632700
1,244,286200
1,245,1602000
1,246,1800
1,247,78300
1,248,687600
1,249,216900
1,250,47700
1,251,3600
1,252,373500
1,253,82800
1,254,3600
1,255,3600
1,256,7200
1,257,6300
1,258,64800
1,259,1906200
1,260,93600
1,261,26100
1,262,2700
1,263,83700
1,264,414900
1,265,31500
1,266,1800
1,267,395100
1,268,11700
1,269,42300
1,270,154800
1,271,39600
1,272,5400
1,273,6300
1,274,1800
1,275,345600
1,276,900
1,277,101700
1,278,568800
1,279,67500
1,280,128700
1,281,3600
1,282,21600
1,283,11700
1,284,357300
1,285,186300
1,286,150300
1,287,656100
1,288,9000
1,289,493200
1,290,900
1,291,598500
1,292,270900
1,293,59400
1,294,28800
1,295,504900
1,296,900
1,297,67500
1,298,96300
1,299,541800
1,300,473400
1,301,816300
1,302,117000
1,303,16200
1,304,166500
1,305,739800
1,306,6350400
1,307,1308600
1,308,243000
1,309,74700
1,310,182700
1,311,326700
1,312,256500
1,313,1134000
1,314,793800
1,315,194400
1,316,514800
1,317,295200
1,318,108900
1,319,316800
1,320,17100
1,321,900
1,322,211500
1,323,32400
1,324,7200
1,325,15300
1,326,2700
1,327,23400
1,328,444600
1,329,72900
1,330,8100
1,331,5400
1,332,230400
1,333,117900
1,334,552600
1,335,26100
1,336,11700
1,337,124200
1,338,85500
1,339,195300
1,340,38700
1,341,65700
1,342,58500
1,343,129600
1,344,240300
1,345,12600
1,346,29700
1,347,36900
1,348,68400
1,349,147600
1,350,29700
1,351,93600
1,352,260100
1,353,1800
1,354,4500
1,355,13500
1,356,5400
1,357,2700
1,358,100800
1,359,230400
1,360,229500
1,361,369000
1,362,76500
1,363,6300
1,364,106200
1,365,900
1,366,900
1,367,55800
1,368,44100
1,369,11700
1,370,7200
1,371,57600
1,372,608400
1,373,690300
1,374,7200
1,375,131400
1,376,900
1,377,81000
1,378,138600
1,379,159300
1,380,126000
1,381,135900
1,382,52200
1,383,43200
1,384,29700
1,385,42300
1,386,233100
1,387,20700
1,388,562500
1,389,171900
1,390,55800
1,391,129600
1,392,80100
1,393,14400
1,394,78300
1,396,9000
1,397,63000
1,398,37800
1,399,68400
1,400,2700
1,401,4500
1,402,15300
1,403,306000
1,404,106200
1,405,1800
1,406,13500
1,407,9000
1,408,272700
1,409,647100
1,410,905400
1,411,1194300
1,412,243900
1,413,1097100
1,414,1632600
1,415,44100
1,416,20700
1,417,108900
1,418,67500
1,419,4500
1,420,112500
1,421,42300
1,422,132300
1,423,82800
1,424,61200
1,425,236700
1,426,7200
1,427,53100
1,428,86400
1,429,448200
1,430,72900
1,431,800100
1,432,815400
1,433,91800
1,434,52200
1,435,13500
1,436,900
1,437,166500
1,438,14400
1,439,14400
1,440,145800
1,441,900
1,442,32400
1,443,18000
1,444,220500
1,445,42300
1,446,31500
1,447,21600
1,448,900
1,449,43200
1,450,900
1,451,80100
1,452,160200
1,453,17100
1,454,101700
1,455,8100
1,456,3600
1,457,117900
1,458,237600
1,459,19800
1,460,330300
1,461,563400
1,462,900
1,463,13500
1,464,14400
1,465,310500
1,466,198900
1,467,25200
1,468,119700
1,469,167400
1,470,201600
1,471,365400
1,472,162000
1,473,64800
1,474,212400
1,475,152100
1,476,248400
1,477,325800
1,478,17100
1,479,7200
1,480,103500
1,481,570600
1,482,12600
1,483,175500
1,484,388800
1,485,22500
1,486,143100
1,487,900
1,488,1800
1,489,58500
1,490,144000
1,491,38700
1,492,2700
1,493,72000
1,494,265500
1,495,8100
1,496,102600
1,497,60300
1,498,190800
1,499,315900
1,500,463500
1,501,36000
1,502,900
1,503,402300
1,504,1800
1,505,70200
1,506,13500
1,507,900
1,508,99900
1,509,9900
1,510,43200
1,511,16200
1,512,538200
1,513,9000
1,514,1800
1,515,99000
1,516,153000
1,517,20700
1,518,783900
1,519,47700
1,520,55800
1,521,159300
1,522,900
1,523,1800
1,524,753300
1,525,74700
1,526,2589300
1,527,1060200
1,528,81900
1,529,900
1,530,203400
1,531,63900
1,532,41400
1,533,16200
1,534,32400
1,535,9900
1,536,38700
1,537,85500
1,538,67500
1,539,78300
1,540,37800
1,541,9000
1,542,18900
1,543,49500
1,544,60300
1,545,741600
1,546,563400
1,547,81900
1,548,900
1,549,15300
1,550,434700
1,551,1386000
1,552,471600
1,553,1559700
1,554,1800
1,555,123300
1,556,330300
1,557,477900
1,558,75600
1,559,1800
1,560,51300
1,561,45900
1,562,127800
1,563,89100
1,564,900
1,565,222300
1,566,6300
1,567,32400
1,568,405000
1,569,9900
1,570,23400
1,571,11700
1,572,35100
1,573,511200
1,574,378900
1,575,131400
1,576,40500
1,577,16200
1,578,866700
1,579,59400
1,580,89100
1,581,181800
1,582,31500
1,583,153000
1,584,9900
1,585,11700
1,586,34200
1,587,37800
1,588,18900
1,589,94500
1,590,56700
1,591,123300
1,592,83700
1,593,4500
1,594,297000
1,595,9000
1,596,1416600
1,597,896400
1,598,504000
1,599,900
1,600,7200
1,601,20700
1,602,94500
1,603,66600
1,604,81000
1,605,15300
1,606,48600
1,607,26100
1,608,52200
1,609,163800
1,610,1070100
1,611,76500
1,612,4500
1,613,6300
1,614,26100
1,615,375300
1,616,147600
1,617,110700
1,618,1559700
1,619,10800
1,620,468000
1,621,6300
1,622,150300
1,623,187200
1,624,29700
1,625,212400
1,626,9900
1,627,69300
1,628,3600
1,629,101700
1,630,4500
1,631,26100
1,632,19800
1,633,155700
1,634,4500
1,635,25200
1,636,12600
1,637,1198800
1,638,1800
1,639,10800
1,640,184500
1,641,23400
1,642,21600
1,643,131400
1,644,95400
1,645,900
1,646,7200
1,647,900
1,648,15300
1,649,27900
1,650,5400
1,651,11700
1,652,101700
1,653,5400
1,654,34200
1,655,214200
1,656,900
1,657,90900
1,658,45900
1,659,83700
1,660,38700
1,661,76500
1,662,38700
1,663,900
1,664,15300
1,665,9900
1,666,9900
1,668,130500
1,669,20700
1,670,147600
1,671,288000
1,672,10800
1,673,137700
1,674,87300
1,675,1197900
1,676,432900
1,677,76500
1,678,544500
1,679,6300
1,680,54000
1,681,18000
1,682,82800
1,683,85500
1,684,84600
1,685,332100
1,686,257400
1,687,1800
1,688,138600
1,689,6300
1,690,213300
1,691,40500
1,692,68400
1,693,900
1,694,1800
1,695,321300
1,696,9000
1,697,198900
1,698,748800
1,699,67500
1,700,78300
1,701,91800
1,702,54900
1,703,29700
1,704,243000
1,705,37800
1,706,634500
1,707,16200
1,708,170100
1,709,699300
1,710,10800
1,711,17100
1,712,18900
1,713,173700
1,714,552600
1,715,21600
1,716,315000
1,717,900
1,718,2700
1,719,2700
1,721,3600
1,722,15300
1,723,36900
1,724,208800
1,725,1800
1,726,900
1,727,133200
1,728,110700
1,729,3600
1,730,506700
1,731,1944900
1,732,1037700
1,733,1236600
1,734,64800
1,735,4500
1,736,10800
1,737,900
1,738,955800
1,739,1620000
1,740,6300
1,741,2700
1,742,47700
1,743,23400
1,744,25200
1,745,8100
1,746,1800
1,747,1800
1,748,6300
1,749,22500
1,750,2700
1,751,196200
1,752,10800
1,753,2700
1,754,9900
1,755,4500
1,756,539100
1,757,54000
1,758,1107000
1,759,1094400
1,760,18000
1,761,507600
1,762,391500
1,763,192600
1,764,37800
1,765,534600
1,766,78300
1,767,21600
1,768,13500
1,769,2700
1,770,900
1,771,16200
1,772,103500
1,773,900
1,774,5400
1,775,48600
1,776,6300
1,777,1800
1,778,17100
1,779,28800
1,780,1800
1,781,21600
1,782,27900
1,783,2122200
1,784,4590000
1,785,9000
1,786,1800
1,787,2295000
1,788,446400
1,789,2802600
1,790,1763100
1,791,3488400
1,792,32400
1,793,210600
1,794,378900
1,795,2017800
1,796,2760300
1,797,91800
1,798,116100
1,799,31500
1,800,4500
1,801,130500
1,802,308700
1,803,238500
1,804,900
1,805,1872000
1,806,990000
1,807,606600
1,808,6300
1,809,576900
1,810,628200
1,811,38700
1,812,1344600
1,813,4329000
1,814,38700
1,815,518400
1,816,4716900
1,817,505800
1,818,171000
1,819,2299500
1,820,4176900
1,821,46800
1,822,23400
1,823,8100
1,824,108900
1,825,73800
1,826,99900
1,827,79200
1,828,18000
1,829,1119600
1,830,908100
1,831,62100
1,832,204300
1,833,124200
1,834,22500
1,835,92700
1,836,208800
1,837,39600
1,838,10800
1,839,41400
1,840,48600
1,841,2208600
1,842,14400
1,843,42300
1,844,1541700
1,845,145800
1,846,8100
1,847,39600
1,848,19800
1,849,604800
1,850,900
1,851,241200
1,852,289800
1,853,900
1,854,9000
1,855,6300
1,856,900
1,857,42300
1,858,5400
1,859,5400
1,860,8100
1,861,26100
1,862,12600
1,863,11700
1,864,73800
1,865,40500
1,866,102600
1,867,15300
1,868,95400
1,869,3600
1,870,73800
1,871,900
1,872,900
1,873,2700
1,874,900
1,875,44100
1,876,65700
1,877,101700
1,878,74700
1,879,43200
1,880,118800
1,881,54000
1,882,7200
1,883,9900
1,884,35100
1,885,900
1,886,33300
1,887,75600
1,888,18900
1,889,8100
1,890,248400
1,891,1197900
1,892,68400
1,893,1005300
1,894,382500
1,895,234900
1,896,18900
1,897,13500
1,898,23400
1,899,1800
1,900,2700
1,901,157500
1,902,151200
1,903,11700
1,904,1800
1,905,51300
1,906,8100
1,907,12600
1,908,35100
1,909,9900
1,910,41400
1,911,10800
1,912,11700
1,913,77400
1,914,18000
1,915,22500
1,916,35100
1,917,2700
1,918,900
1,919,317700
1,920,680400
1,921,203400
1,922,900
1,923,15300
1,924,1795500
1,925,3600000
1,926,6825600
1,927,15300
1,928,1349100
1,929,329400
1,930,1436400
1,931,1208700
1,932,3762900
1,933,8390700
1,934,1158300
1,935,8100
1,936,7200
1,937,1040400
1,938,179100
1,939,37800
1,940,10800
1,941,23400
1,942,9900
1,943,3600
1,944,17100
1,945,650700
1,946,214200
1,947,8100
1,948,68400
1,949,9900
1,950,14400
1,951,900
1,952,55800
1,953,61200
1,954,2700
1,955,900
1,956,58500
1,957,12600
1,958,1519200
1,959,3813300
1,960,979200
1,961,900
1,962,33300
1,963,2430000
1,964,7200
1,965,2008800
1,966,3068100
1,967,2307600
1,968,1093500
1,969,4171500
1,970,3686400
1,971,5915700
1,972,3628800
1,973,1992600
1,974,1605600
1,975,486000
1,976,8125200
1,977,6099300
1,978,3636900
1,979,6300
1,980,493200
1,981,1614600
1,982,1059300
1,983,167400
1,984,216900
1,985,89100
1,986,375300
1,987,189000
1,988,67500
1,989,27000
1,990,9900
1,991,5400
1,992,37800
1,993,205200
1,994,341100
1,995,423000
1,996,86400
1,997,73800
1,998,35100
1,999,2700
1,1000,45000
1,1001,11700
1,1002,122400
1,1003,9000
1,1004,18900
1,1005,10800
1,1006,70200
1,1007,32400
1,1008,392400
1,1009,205200
1,1010,134100
1,1011,148500
1,1012,9000
1,1013,1282500
1,1014,5209200
1,1015,2191500
1,1016,4463100
1,1017,1882800
1,1018,6437700
1,1019,1785600
1,1020,342900
1,1021,1091700
1,1022,4977900
1,1023,9047700
1,1024,2797200
1,1025,707400
1,1026,1380600
1,1027,5736600
1,1028,1597500
1,1029,4032000
1,1030,1410300
1,1031,5601600
1,1032,2742300
1,1033,5400
1,1034,33300
1,1035,299700
1,1036,163800
1,1037,107100
1,1038,108900
1,1039,108900
1,1040,13500
1,1041,160200
1,1042,52200
1,1043,35100
1,1044,38700
1,1045,120600
1,1046,415800
1,1047,226800
1,1048,75600
1,1049,9000
1,1050,21600
1,1051,13500
1,1052,58500
1,1053,16200
1,1054,9000
1,1055,91800
1,1056,2700
1,1057,1800
1,1058,1800
1,1059,756900
1,1060,900
1,1061,1068300
1,1062,2069100
1,1063,1876500
1,1064,1084500
1,1065,1666800
1,1066,2136600
1,1067,18000
1,1068,3600
1,1069,23400
1,1070,40500
1,1071,66600
1,1072,165600
1,1073,37800
1,1074,68400
1,1075,6300
1,1076,84600
1,1077,242100
1,1078,5400
1,1079,48600
1,1080,116100
1,1081,90000
1,1082,42300
1,1083,29700
1,1084,88200
1,1085,101700
1,1086,131400
1,1087,147600
1,1088,36000
1,1089,82800
1,1090,509400
1,1091,1008000
1,1092,2518200
1,1093,232200
1,1094,3341700
1,1095,3109500
1,1096,1433700
1,1097,900
1,1098,19800
1,1099,118800
1,1100,189900
1,1101,191700
1,1102,116100
1,1103,142200
1,1104,55800
1,1105,87300
1,1106,162000
1,1107,151200
1,1108,166500
1,1109,20700
1,1110,10800
1,1111,169200
1,1112,931500
1,1113,1324800
1,1114,900
1,1115,900
1,1116,984600
1,1117,4902300
1,1118,5519700
1,1119,5830200
1,1120,936900
1,1121,960300
1,1122,2700
1,1123,21600
1,1124,1800
1,1125,58500
1,1126,165600
1,1127,143100
1,1128,75600
1,1129,112500
1,1130,14400
1,1131,16200
1,1132,344700
1,1133,62100
1,1134,96300
1,1135,78300
1,1136,11700
1,1137,900
1,1138,1089000
1,1139,4500
1,1140,900
1,1141,586800
1,1142,817200
1,1143,526500
1,1144,13500
1,1145,835200
1,1146,954900
1,1147,6300
1,1148,4500
1,1149,1593900
1,1150,27000
1,1151,10800
1,1152,17100
1,1153,3600
1,1154,13500
1,1155,399600
1,1156,171000
1,1157,115200
1,1158,72000
1,1159,8100
1,1160,900
1,1161,45900
1,1162,154800
1,1163,107100
1,1164,153000
1,1165,72900
1,1166,15300
1,1167,655200
1,1168,104400
1,1169,47700
1,1170,85500
1,1171,40500
1,1172,900
1,1173,44100
1,1174,6300
1,1175,1800
1,1176,4500
1,1177,17100
1,1178,900
1,1179,900
1,1180,5633100
1,1181,113400
1,1182,3671100
1,1183,1197900
1,1184,347400
1,1185,91800
1,1186,1057500
1,1187,2295900
1,1188,131400
1,1189,92700
1,1190,113400
1,1191,84600
1,1192,54000
1,1193,63000
1,1194,20700
1,1195,5400
1,1196,53100
1,1197,32400
1,1198,79200
1,1199,130500
1,1200,1800
1,1201,64800
1,1202,119700
1,1203,170100
1,1204,101700
1,1205,84600
1,1206,92700
1,1207,95400
1,1208,75600
1,1209,302400
1,1210,387900
1,1211,2700
1,1212,15300
1,1213,103500
1,1214,101700
1,1215,3600
1,1216,24300
1,1217,420300
1,1218,676800
1,1219,19800
1,1220,44100
1,1221,963900
1,1222,943200
1,1223,673200
1,1224,1074600
1,1225,72900
1,1226,13500
1,1227,16200
1,1228,66600
1,1229,61200
1,1230,126000
1,1231,432900
1,1232,220500
1,1233,279900
1,1234,4500
1,1235,100800
1,1236,91800
1,1237,134100
1,1238,22500
1,1239,44100
1,1240,169200
1,1241,83700
1,1242,112500
1,1243,16200
1,1244,3600
1,1245,78300
1,1246,122400
1,1247,107100
1,1248,81900
1,1249,828000
1,1250,388800
1,1251,1105200
1,1252,131400
1,1253,891900
1,1254,34200
1,1255,12600
1,1256,1800
1,1257,900
1,1258,900
1,1259,3600
1,1260,1800
1,1261,44100
1,1262,423000
1,1263,17100
1,1264,900
1,1265,75600
1,1266,620100
1,1267,9000
1,1268,1800
1,1269,98100
1,1270,1337400
1,1271,277200
1,1272,1195200
1,1273,152100
1,1274,15300
1,1275,273600
1,1276,19800
1,1277,144900
1,1278,10800
1,1279,21600
1,1280,3600
1,1281,1800
1,1282,3600
1,1283,43200
1,1284,40500
1,1285,57600
1,1286,144900
1,1287,431100
1,1288,219600
1,1289,49500
1,1290,59400
1,1291,270000
1,1292,557100
1,1293,11700
1,1294,30600
1,1295,105300
1,1296,43200
1,1297,1800
1,1298,50400
1,1299,455400
1,1300,21600
1,1301,6300
1,1302,1800
1,1303,5400
1,1304,900
1,1305,900
1,1306,1800
1,1307,900
1,1308,11700
1,1309,2027700
1,1310,548100
1,1311,253800
1,1312,2319300
1,1313,253800
1,1314,18000
1,1315,953100
1,1316,135900
1,1317,157500
1,1318,12600
1,1319,212400
1,1320,10800
1,1321,12600
1,1322,268200
1,1323,905400
1,1324,1133100
1,1325,251100
1,1326,103500
1,1327,279900
1,1328,30600
1,1329,37800
1,1330,61200
1,1331,513000
1,1332,961200
1,1333,336600
1,1334,4500
1,1335,49500
1,1336,255600
1,1337,147600
1,1338,9000
1,1339,169200
1,1340,3600
1,1341,3600
1,1342,122400
1,1343,91800
1,1344,97200
1,1345,11700
1,1346,2700
1,1347,3600
1,1348,900
1,1349,212400
1,1350,62100
1,1351,2700
1,1352,172800
1,1353,267300
1,1354,17100
1,1355,72000
1,1356,5400
1,1357,270000
1,1358,73800
1,1359,31500
1,1360,10800
1,1361,1800
1,1362,126900
1,1363,197100
1,1364,2700
1,1365,900
1,1366,2991600
1,1367,79200
1,1368,807300
1,1369,3833100
1,1370,565200
1,1371,1801800
1,1372,1240200
1,1373,140400
1,1374,289800
1,1375,747900
1,1376,470700
1,1377,240300
1,1378,402300
1,1379,90000
1,1380,2869200
1,1381,810000
1,1382,3204900
1,1383,3011400
1,1384,2718900
1,1385,1108800
1,1386,1865700
1,1387,3774600
1,1388,480600
1,1389,378000
1,1390,1477800
1,1391,5933700
1,1392,1607400
1,1393,1211400
1,1394,36900
1,1395,8100
1,1396,6300
1,1397,240300
1,1398,30600
1,1399,6300
1,1400,3600
1,1401,130500
1,1402,1800
1,1403,1707300
1,1404,337500
1,1405,240300
1,1406,1036800
1,1407,3711600
1,1408,861300
1,1409,94500
1,1410,13500
1,1411,14400
1,1412,60300
1,1413,378000
1,1414,1800
1,1415,4500
1,1416,2700
1,1417,1800
1,1418,900
1,1419,26100
1,1420,9900
1,1421,405000
1,1422,25200
1,1423,7200
1,1424,1086300
1,1425,4740300
1,1426,4984200
1,1427,809100
1,1428,310500
1,1429,3094200
1,1430,4091400
1,1431,11889900
1,1432,8974800
1,1433,2579400
1,1434,10466100
1,1435,4703400
1,1436,1761300
1,1437,8379900
1,1438,5781600
1,1439,614700
1,1440,3406500
1,1441,3444300
1,1442,9817200
1,1443,4610700
1,1444,8622000
1,1445,2524500
1,1446,1795500
1,1447,288000
1,1448,4052700
1,1449,6268500
1,1450,234000
1,1451,171900
1,1452,900
1,1453,1800
1,1454,385200
1,1455,2700
1,1456,1138500
1,1457,172800
1,1458,385200
1,1459,243000
1,1460,937800
1,1461,176400
1,1462,2277000
1,1463,1101600
1,1464,1177200
1,1465,24300
1,1466,126000
1,1467,274500
1,1468,119700
1,1469,333900
1,1470,58500
1,1471,237600
1,1472,35100
1,1473,158400
1,1474,20700
1,1475,264600
1,1476,74700
1,1477,12600
1,1478,172800
1,1479,30600
1,1480,108000
1,1481,7200
1,1482,53100
1,1483,80100
1,1484,11700
1,1485,19800
1,1486,63000
1,1487,13500
1,1488,73800
1,1489,37800
1,1490,12600
1,1491,9900
1,1492,2189700
1,1493,327600
1,1494,785700
1,1495,277200
1,1496,2307600
1,1497,1445400
1,1498,1206000
1,1499,3716100
1,1500,1890000
1,1501,5688900
1,1502,3440700
1,1503,4328100
1,1504,6265800
1,1505,10092600
1,1506,9621900
1,1507,3810600
1,1508,84600
1,1509,3739500
1,1510,1944000
1,1511,234000
1,1512,366300
1,1513,1784700
1,1514,3644100
1,1515,2064600
1,1516,223200
1,1517,4500
1,1518,4500
1,1519,900
1,1520,6300
1,1521,900
1,1522,1800
1,1523,900
1,1524,1656000
1,1525,1539000
1,1526,883800
1,1527,2888100
1,1528,354600
1,1529,1773900
1,1530,28800
1,1531,704700
1,1532,936900
1,1533,14400
1,1534,1173600
1,1535,2700
1,1536,4500
1,1537,93600
1,1538,284400
1,1539,72900
1,1540,98100
1,1541,6300
1,1542,413100
1,1543,72900
1,1544,13500
1,1545,31500
1,1546,83700
1,1547,14400
1,1548,74700
1,1549,91800
1,1550,18900
1,1551,240300
1,1552,48600
1,1553,28800
1,1554,66600
1,1555,108900
1,1556,23400
1,1557,115200
1,1558,17100
1,1559,113400
1,1560,4500
1,1561,67500
1,1562,24300
1,1563,18000
1,1564,74700
1,1565,44100
1,1566,33300
1,1567,13500
1,1568,44100
1,1569,24300
1,1570,1724400
1,1571,93600
1,1572,4575600
1,1573,114300
1,1574,207900
1,1575,3235500
1,1576,1066500
1,1577,7640100
1,1578,6894900
1,1579,5793300
1,1580,1858500
1,1581,372600
1,1582,3600
1,1583,4665600
1,1584,279900
1,1585,663300
1,1586,1584000
1,1587,1157400
1,1588,3403800
1,1589,216900
1,1590,900
1,1591,5400
1,1592,1266300
1,1593,9000
1,1594,5400
1,1595,27900
1,1596,1269900
1,1597,1313100
1,1598,378000
1,1599,1107900
1,1600,1370700
1,1601,128700
1,1602,2349000
1,1603,318600
1,1604,903600
1,1605,62100
1,1606,18900
1,1607,138600
1,1608,139500
1,1609,14400
1,1610,83700
1,1611,29700
1,1612,100800
1,1613,3600
1,1614,156600
1,1615,57600
1,1616,11700
1,1617,83700
1,1618,26100
1,1619,66600
1,1620,65700
1,1621,34200
1,1622,10800
1,1623,137700
1,1624,92700
1,1625,9000
1,1626,54900
1,1627,181800
1,1628,192600
1,1629,93600
1,1630,483300
1,1631,80100
1,1632,76500
1,1633,51300
1,1634,2458800
1,1636,182700
1,1637,2686500
1,1638,2972700
1,1639,139500
1,1640,2683800
1,1641,3888000
1,1642,5785200
1,1643,2769300
1,1644,1955700
1,1645,5364900
1,1646,2204100
1,1647,3465000
1,1648,4788900
1,1649,3207600
1,1650,2509200
1,1651,371700
1,1652,9540900
1,1653,197100
1,1654,146700
1,1655,712800
1,1656,105300
1,1657,75600
1,1658,2731500
1,1659,1300500
1,1660,3254400
1,1661,1331100
1,1662,6993900
1,1663,3591900
1,1664,29700
1,1665,782100
1,1666,36000
1,1667,25200
1,1668,68400
1,1669,55800
1,1670,900
1,1671,45900
1,1672,48600
1,1673,12600
1,1674,45000
1,1675,56700
1,1676,207900
1,1677,35100
1,1678,9000
1,1679,1189800
1,1680,1173600
1,1681,2718900
1,1682,990900
1,1683,6078600
1,1684,1800
1,1685,776700
1,1686,261000
1,1687,4291200
1,1688,17100
1,1689,2123100
1,1690,900
1,1691,42300
1,1692,6639300
1,1693,6461100
1,1694,545400
1,1695,5124600
1,1696,2786400
1,1697,1032300
1,1698,3763800
1,1699,416700
1,1700,1649700
1,1701,206100
1,1702,659700
1,1703,42300
1,1704,900
1,1705,58500
1,1706,2700
1,1707,20700
1,1708,4500
1,1709,32400
1,1710,135000
1,1711,900
1,1712,2700
1,1713,88200
1,1714,30600
1,1715,66600
1,1716,4500
1,1717,1170000
1,1718,141300
1,1719,144900
1,1720,1904400
1,1721,17100
1,1722,3260700
1,1723,3205800
1,1724,34200
1,1725,158400
1,1726,5239800
1,1727,1125000
1,1728,4139100
1,1729,2414700
1,1730,3353400
1,1731,1763100
1,1732,1247400
1,1733,711000
1,1734,141300
1,1735,11700
1,1736,55800
1,1737,801000
1,1738,28800
1,1739,32400
1,1740,9000
1,1741,877500
1,1742,385200
1,1743,72900
1,1744,263700
1,1745,1523700
1,1746,57600
1,1747,3785400
1,1748,121500
1,1749,1124100
1,1750,2392200
1,1751,986400
1,1752,900
1,1753,1800
1,1754,1323900
1,1755,2988000
1,1756,401400
1,1757,305100
1,1758,137700
1,1759,42300
1,1760,315900
1,1761,1684800
1,1762,2171700
1,1763,165600
1,1764,1628100
1,1765,8100
1,1766,213300
1,1767,3038400
1,1768,725400
1,1769,70200
1,1770,129600
1,1771,32400
1,1772,1870200
1,1773,29700
1,1774,1286100
1,1775,3735900
1,1776,1466100
1,1777,827100
1,1778,1010700
1,1779,49500
1,1780,198900
1,1781,5400
1,1782,87300
1,1783,81000
1,1784,1800
1,1785,10800
1,1786,26100
1,1787,158400
1,1788,186300
1,1789,388800
1,1790,107100
1,1791,94500
1,1792,38700
1,1793,563400
1,1794,82800
1,1795,124200
1,1796,200700
1,1797,116100
1,1798,554400
1,1799,794700
1,1800,1049400
1,1801,212400
1,1802,483300
1,1803,1520100
1,1804,1006200
1,1805,110700
1,1806,1157400
1,1807,5400
1,1808,47700
1,1809,45000
1,1810,8100
1,1811,90000
1,1812,67500
1,1813,1800
1,1814,49500
1,1815,29700
1,1816,16200
1,1817,566100
1,1818,20700
1,1819,169200
1,1820,136800
1,1821,250200
1,1822,158400
1,1823,99900
1,1824,90900
1,1825,2074500
1,1826,174600
1,1827,153900
1,1828,1242000
1,1829,811800
1,1830,1916100
1,1831,353700
1,1832,727200
1,1833,42300
1,1834,1695600
1,1835,171000
1,1836,238500
1,1837,500400
1,1838,231300
1,1839,152100
1,1840,69300
1,1841,92700
1,1842,2198700
1,1843,2212200
1,1844,264600
1,1845,529200
1,1846,233100
1,1847,50400
1,1848,227700
1,1849,387900
1,1850,6300
1,1851,207000
1,1852,475200
1,1853,936900
1,1854,324000
1,1855,287100
1,1856,286200
1,1857,32400
1,1858,23400
1,1859,453600
1,1860,65700
1,1861,194400
1,1862,82800
1,1863,63900
1,1864,37800
1,1865,124200
1,1866,258300
1,1867,14400
1,1868,1613700
1,1869,299700
1,1870,3818700
1,1871,1344600
1,1872,788400
1,1873,172800
1,1874,475200
1,1875,251100
1,1876,1095300
1,1877,58500
1,1878,23400
1,1879,63900
1,1880,221400
1,1881,228600
1,1882,407700
1,1883,268200
1,1884,414900
1,1885,1103400
1,1886,1358100
1,1887,548100
1,1888,162900
1,1889,151200
1,1890,12600
1,1891,268200
1,1892,77400
1,1893,18000
1,1894,18900
1,1895,84600
1,1896,345600
1,1897,1712700
1,1898,62100
1,1899,899100
1,1900,822600
1,1901,994500
1,1902,1252800
1,1903,1139400
1,1904,13500
1,1905,404100
1,1906,477900
1,1907,352800
1,1908,345600
1,1909,1800
1,1910,900
1,1911,1800
1,1912,227700
1,1913,627300
1,1914,6300
1,1915,3600
1,1916,4500
1,1917,589500
1,1919,153900
1,1920,3118500
1,1921,111600
1,1922,75600
1,1923,44100
1,1924,19800
1,1925,175500
1,1926,36000
1,1927,54900
1,1928,7659000
1,1929,75600
1,1930,1611000
1,1931,536400
1,1932,1414800
1,1933,3152700
1,1934,539100
1,1935,7200
1,1936,1634400
1,1937,668700
1,1938,113400
1,1939,54900
1,1940,24300
1,1941,1248300
1,1942,427500
1,1943,9900
1,1944,1800
1,1945,49500
1,1946,11700
1,1947,463500
1,1948,1507500
1,1949,1800
1,1950,173700
1,1951,92700
1,1952,18000
1,1953,1800
1,1954,1800
1,1955,9000
1,1956,98100
1,1957,4500
1,1958,3600
1,1959,19800
1,1960,118800
1,1961,13500
1,1962,4500
1,1963,926100
1,1964,2313900
1,1965,574200
1,1966,37800
1,1967,45900
1,1968,36000
1,1969,3805200
1,1970,331200
1,1971,304200
1,1972,139500
1,1973,1368900
1,1974,4500
1,1975,27000
1,1976,153000
1,1977,8100
1,1978,6300
1,1979,15300
1,1980,15300
1,1981,26100
1,1982,36000
1,1983,4500
1,1984,76500
1,1985,25200
1,1986,1800
1,1987,180900
1,1988,67500
1,1989,156600
1,1990,118800
1,1991,22500
1,1992,89100
1,1993,19800
1,1994,900
1,1995,99900
1,1996,333900
1,1997,1134000
1,1998,467100
1,1999,4500
1,2000,668700
1,2001,16200
1,2002,25200
1,2003,455400
1,2004,117900
1,2005,47700
1,2006,87300
1,2007,91800
1,2008,236700
1,2009,60300
1,2010,3273300
1,2011,42300
1,2012,366300
1,2013,28800
1,2014,269100
1,2015,3073500
